decision_step,held_probability,imagined_step,predicted_x,predicted_y,predicted_z,supported_reward
19,3.868614658131264e-05,1,0.17919081449508667,-0.21644912660121918,0.7723644971847534,0.006750815082341433
19,4.5928994950372726e-05,2,0.1781451553106308,-0.216084286570549,0.7724515795707703,0.009207126684486866
19,5.6143140682252124e-05,3,0.17724984884262085,-0.2166675180196762,0.7726749181747437,0.008974740281701088
19,5.993534796289168e-05,4,0.1769685298204422,-0.21738910675048828,0.7728347778320312,0.01386977918446064
19,6.858049891889095e-05,5,0.17670145630836487,-0.21834580600261688,0.7729607820510864,0.016286401078104973
19,7.8904144174885e-05,6,0.17674867808818817,-0.219477117061615,0.773093044757843,0.0076603516936302185
19,9.22137187444605e-05,7,0.1768772006034851,-0.2204698771238327,0.773260235786438,-0.00485017616301775
19,0.00011132947111036628,8,0.176971897482872,-0.22136837244033813,0.7734633684158325,-0.009341998025774956
20,7.549992005806416e-05,1,0.17183038592338562,-0.22238494455814362,0.7725716829299927,-0.0312492698431015
20,9.378246613778174e-05,2,0.17093950510025024,-0.2215660959482193,0.772892415523529,-0.027329497039318085
20,8.733394497539848e-05,3,0.17107181251049042,-0.22035112977027893,0.7730052471160889,0.006883666850626469
20,8.640730811748654e-05,4,0.17135313153266907,-0.2201915979385376,0.7731375694274902,0.010855884291231632
20,9.165886149276048e-05,5,0.17191103100776672,-0.22050586342811584,0.7732666730880737,0.005357455927878618
20,0.00010332633246434852,6,0.17239028215408325,-0.2214231789112091,0.7733454704284668,0.004417181480675936
20,0.00011732408165698871,7,0.1730281114578247,-0.22152085602283478,0.773453950881958,0.011439398862421513
20,0.00014110721531324089,8,0.17378079891204834,-0.22159385681152344,0.7735411524772644,0.011307233944535255
21,0.0001036375542753376,1,0.16894131898880005,-0.2176373451948166,0.7730116844177246,-0.008897975087165833
21,9.811624477151781e-05,2,0.16927489638328552,-0.2157013863325119,0.7731488347053528,0.005344287492334843
21,9.823514119489118e-05,3,0.1695033609867096,-0.2147911787033081,0.7732231020927429,0.01936533860862255
21,0.00010102564556291327,4,0.1700383424758911,-0.2145858258008957,0.7732934951782227,0.01537138782441616
21,0.00010683947039069608,5,0.17073123157024384,-0.21485264599323273,0.7733407616615295,0.00553347310051322
21,0.00012004601012449712,6,0.17136871814727783,-0.214742049574852,0.7733120322227478,0.016877058893442154
21,0.0001471277209930122,7,0.17200878262519836,-0.21529246866703033,0.7732844948768616,0.004816791508346796
21,0.0001776898861862719,8,0.17244648933410645,-0.2159660905599594,0.7733576893806458,-0.009613231755793095
22,9.059094008989632e-05,1,0.16950812935829163,-0.21728727221488953,0.7730777263641357,0.01296548917889595
22,8.770691783865914e-05,2,0.16953474283218384,-0.21607473492622375,0.7731366157531738,0.01942170038819313
22,9.096601570490748e-05,3,0.16956494748592377,-0.21632064878940582,0.7731630802154541,0.013906051404774189
22,9.517800936009735e-05,4,0.1698531061410904,-0.21686899662017822,0.7732267379760742,0.01702827587723732
22,0.00010591182217467576,5,0.17023712396621704,-0.21757002174854279,0.7732438445091248,0.02353195659816265
22,0.00012548448285087943,6,0.1707366406917572,-0.21874268352985382,0.7732419967651367,0.011003783904016018
22,0.00016160233644768596,7,0.1711173802614212,-0.21962517499923706,0.7732954621315002,-0.00418341439217329
22,0.0004197377129457891,8,0.1698969155550003,-0.22158844769001007,0.7736671566963196,-0.019178982824087143
23,7.085083052515984e-05,1,0.1702883541584015,-0.21389764547348022,0.7728285789489746,0.016383187845349312
23,7.635704969288781e-05,2,0.16997744143009186,-0.2134406417608261,0.7729145288467407,0.006641491316258907
23,8.248976519098505e-05,3,0.16983911395072937,-0.2137187421321869,0.7729901671409607,0.010816056281328201
23,9.094460256164894e-05,4,0.16985966265201569,-0.2144310474395752,0.7730238437652588,0.01848873496055603
23,0.00010368974471930414,5,0.1700596958398819,-0.21551518142223358,0.7730494141578674,0.01810295693576336
23,0.00011966394231421873,6,0.1704711765050888,-0.21614348888397217,0.7731074094772339,0.014655428007245064
23,0.00021430521155707538,7,0.16976191103458405,-0.21802151203155518,0.7733756303787231,-0.008471159264445305
23,0.0002808429708238691,8,0.16982774436473846,-0.218583881855011,0.7735371589660645,0.0040970747359097
24,6.959407619433478e-05,1,0.17309193313121796,-0.2176707684993744,0.7728490233421326,-0.0054227192886173725
24,7.743687456240878e-05,2,0.17244793474674225,-0.21757689118385315,0.7729986906051636,0.005452355835586786
24,8.79548242664896e-05,3,0.17207404971122742,-0.2180985063314438,0.7731322050094604,0.015743650496006012
24,0.00010402746556792408,4,0.17201897501945496,-0.2191622406244278,0.7732606530189514,0.01866389811038971
24,0.0001235351519426331,5,0.17236408591270447,-0.21985533833503723,0.7734127044677734,0.015166659839451313
24,0.00023651751689612865,6,0.1717606633901596,-0.22181028127670288,0.7739379405975342,-0.009582453407347202
24,0.00029673040262423456,7,0.17228268086910248,-0.22194568812847137,0.7740895748138428,0.017007749527692795
24,0.0004920092760585248,8,0.172401562333107,-0.22217215597629547,0.7743253707885742,-2.9057338906568475e-05
26,5.581824007094838e-05,1,0.17678995430469513,-0.2138313353061676,0.7725251913070679,-0.006537944544106722
26,6.266769196372479e-05,2,0.1758991926908493,-0.2141522616147995,0.772439181804657,-0.011137471534311771
26,6.951514660613611e-05,3,0.17569269239902496,-0.21477319300174713,0.7726186513900757,0.0028549879789352417
26,7.585237472085282e-05,4,0.17581966519355774,-0.21625113487243652,0.7727275490760803,0.0011095767840743065
26,8.17806285340339e-05,5,0.17629270255565643,-0.217049241065979,0.7729088664054871,-0.0007767492788843811
26,0.00011175225517945364,6,0.17698168754577637,-0.21778719127178192,0.7729089260101318,0.001146512571722269
26,0.00012134815187891945,7,0.1773720532655716,-0.21827706694602966,0.7732089161872864,-0.004561589099466801
26,0.00019900999905075878,8,0.17732325196266174,-0.21919775009155273,0.7734289169311523,0.009951505810022354
27,5.9665726439561695e-05,1,0.17602843046188354,-0.21373601257801056,0.7724937796592712,-0.022514235228300095
27,6.533516716444865e-05,2,0.17526458203792572,-0.2143063098192215,0.7726067900657654,-0.021276753395795822
27,9.103197226068005e-05,3,0.1744290590286255,-0.21658124029636383,0.7726559638977051,-0.03001745603978634
27,8.081012492766604e-05,4,0.17519862949848175,-0.21688228845596313,0.7728375792503357,0.0053451466374099255
27,8.17092222860083e-05,5,0.17647425830364227,-0.21717345714569092,0.7729023098945618,0.008163058198988438
27,8.696346048964188e-05,6,0.1780809909105301,-0.216710165143013,0.77293860912323,0.02795659750699997
27,0.00010462525096954778,7,0.17967045307159424,-0.2163894921541214,0.7730085253715515,0.018971459940075874
27,0.00016504419909324497,8,0.18042317032814026,-0.21722988784313202,0.7730894088745117,0.02043384499847889
28,0.00012205721577629447,1,0.16822956502437592,-0.2166854292154312,0.7729434370994568,-0.034062355756759644
28,0.0001347202924080193,2,0.16802242398262024,-0.2162994146347046,0.773019015789032,0.019770199432969093
28,0.0002349598944419995,3,0.16743022203445435,-0.21760214865207672,0.7730708718299866,-0.005427987780421972
28,0.00022223849373403937,4,0.168649360537529,-0.21779648959636688,0.7732337713241577,-0.0027785704005509615
28,0.00021809872123412788,5,0.1706952303647995,-0.21709413826465607,0.7733764052391052,-0.0063438257202506065
28,0.000221272450289689,6,0.17293591797351837,-0.21590019762516022,0.7734655737876892,0.008863967843353748
28,0.00027042682631872594,7,0.1747826784849167,-0.21499964594841003,0.7735188007354736,0.018182381987571716
28,0.0004783743352163583,8,0.1750119924545288,-0.2161714881658554,0.7735334038734436,0.0025101404171437025
29,7.59954345994629e-05,1,0.17406001687049866,-0.2169094681739807,0.7728778719902039,0.0065920595079660416
29,8.873637125361711e-05,2,0.17362433671951294,-0.21611566841602325,0.7730136513710022,0.029535841196775436
29,0.0001184375723823905,3,0.17327053844928741,-0.21649186313152313,0.7730494141578674,0.024305343627929688
29,0.00016407715156674385,4,0.1731775850057602,-0.21773651242256165,0.7731217741966248,0.009092330932617188
29,0.00019609849550761282,5,0.17377428710460663,-0.21823109686374664,0.7733451724052429,-0.022721851244568825
29,0.0004851105040870607,6,0.17327232658863068,-0.21934817731380463,0.7735588550567627,-0.047037381678819656
29,0.0014323436189442873,7,0.171857088804245,-0.22071848809719086,0.7741425633430481,-0.015761153772473335
29,0.003945080563426018,8,0.16913826763629913,-0.2228621244430542,0.775092601776123,0.01081570703536272
30,8.492579945595935e-05,1,0.17381446063518524,-0.2200925648212433,0.7731902003288269,0.008481194265186787
30,0.00011519000690896064,2,0.17281590402126312,-0.220523864030838,0.7735390663146973,0.014616616070270538
30,0.00017643901810515672,3,0.1720048487186432,-0.22162723541259766,0.7739273905754089,0.010791301727294922
30,0.00028190287412144244,4,0.17184126377105713,-0.22221426665782928,0.774384617805481,0.0021994239650666714
30,0.0004741559096146375,5,0.17211975157260895,-0.2228960543870926,0.7746910452842712,-0.025122834369540215
30,0.0016425271751359105,6,0.17026416957378387,-0.22430427372455597,0.7768312692642212,-0.007497754879295826
30,0.010608929209411144,7,0.167605921626091,-0.2251713126897812,0.7798441648483276,-0.029231764376163483
30,0.03634488582611084,8,0.1650553196668625,-0.22668476402759552,0.7817680239677429,-0.015483744442462921
31,0.00010581583046587184,1,0.17388586699962616,-0.22177943587303162,0.7722898721694946,-0.052856702357530594
31,0.00012841407442465425,2,0.17282222211360931,-0.22105145454406738,0.7725905776023865,-0.005768563598394394
31,0.00013800803571939468,3,0.17219120264053345,-0.22135242819786072,0.7730787396430969,-0.03715401515364647
31,0.0001443561923224479,4,0.17301133275032043,-0.22056783735752106,0.773262083530426,0.004703754559159279
31,0.0003424171300139278,5,0.1729491949081421,-0.22136659920215607,0.7734660506248474,-0.00609985925257206
31,0.00027142773615196347,6,0.1751188039779663,-0.22035524249076843,0.7734991312026978,0.020063601434230804
31,0.00038115581264719367,7,0.1767219752073288,-0.21983641386032104,0.7736657857894897,0.016531290486454964
31,0.0009315276984125376,8,0.1765553206205368,-0.22116965055465698,0.7738048434257507,0.010530552826821804
32,9.151049016509205e-05,1,0.165593683719635,-0.2224246710538864,0.7726733684539795,0.017366431653499603
32,0.00010955610923701897,2,0.16570790112018585,-0.221901535987854,0.7727232575416565,0.017338190227746964
32,0.00013958921772427857,3,0.16661569476127625,-0.22175726294517517,0.7726882696151733,0.004746419843286276
32,0.00019597214122768492,4,0.16826078295707703,-0.2213379442691803,0.7726022601127625,-0.026472290977835655
32,0.00025764384190551937,5,0.17004504799842834,-0.220554381608963,0.7727979421615601,-0.03360589221119881
32,0.0010246953461319208,6,0.16941498219966888,-0.22107857465744019,0.7728143930435181,-0.019095592200756073
32,0.009204428642988205,7,0.16631026566028595,-0.2218942493200302,0.7730737924575806,-0.0014060615794733167
32,0.020206917077302933,8,0.16426533460617065,-0.222664013504982,0.7734404802322388,-0.002725382335484028
33,8.586806507082656e-05,1,0.17343105375766754,-0.22486917674541473,0.7729803323745728,-0.04796595126390457
33,0.00010610378376441076,2,0.17281319200992584,-0.22525909543037415,0.7733672261238098,-0.03970079869031906
33,0.00012243851961102337,3,0.17294512689113617,-0.22581329941749573,0.7735733389854431,-0.001254573347978294
33,0.0001518947829026729,4,0.17429818212985992,-0.22484761476516724,0.7736794352531433,0.02857261523604393
33,0.00018519377044867724,5,0.1757064014673233,-0.22433049976825714,0.7738656997680664,0.010039806365966797
33,0.0006146643427200615,6,0.17567743360996246,-0.22468319535255432,0.7737209796905518,0.015395165421068668
33,0.003087516175583005,7,0.17431865632534027,-0.22531795501708984,0.7736276388168335,0.008570725098252296
33,0.015888197347521782,8,0.1720583438873291,-0.2260313630104065,0.7733427286148071,-0.00922954361885786
34,0.00010830796236405149,1,0.16964706778526306,-0.2191309630870819,0.7729038596153259,0.010624113492667675
34,0.00015351452748291194,2,0.16970369219779968,-0.21890577673912048,0.7729666233062744,0.014941197820007801
34,0.0003431736840866506,3,0.1688457578420639,-0.2192722111940384,0.7729629278182983,-0.0028627647552639246
34,0.00033933704253286123,4,0.1695304960012436,-0.21911372244358063,0.7735033631324768,-0.012482421472668648
34,0.0008062184206210077,5,0.16820701956748962,-0.22022607922554016,0.7737281918525696,-0.028214700520038605
34,0.006107184570282698,6,0.16559745371341705,-0.22147192060947418,0.7734334468841553,-0.01611839048564434
34,0.2525466978549957,7,0.15953329205513,-0.22239148616790771,0.7725628614425659,-0.05153569206595421
34,0.773165762424469,8,0.15872228145599365,-0.2213454246520996,0.7759817838668823,0.4692935645580292
35,0.0003219014615751803,1,0.17269662022590637,-0.22149045765399933,0.7721993923187256,-0.03530639782547951
35,0.000577528087887913,2,0.17204506695270538,-0.2213367521762848,0.7722117304801941,-0.03403937444090843
35,0.0008285215590149164,3,0.17208881676197052,-0.22101852297782898,0.7724314332008362,-0.03315183147788048
35,0.0010041489731520414,4,0.1728009432554245,-0.22104011476039886,0.7725328207015991,-0.0309759508818388
35,0.0011726956581696868,5,0.17395614087581635,-0.22021892666816711,0.772915244102478,-0.028863564133644104
35,0.001896667294204235,6,0.17396099865436554,-0.22049322724342346,0.7730623483657837,-0.04008660465478897
35,0.0019665744621306658,7,0.1753603219985962,-0.22060106694698334,0.7736319303512573,-0.005259813740849495
35,0.0023629406932741404,8,0.17620688676834106,-0.22100476920604706,0.773987352848053,0.0010973806492984295
37,0.00019095987954642624,1,0.17223967611789703,-0.22513417899608612,0.7740243077278137,-0.006658828351646662
37,0.0006275988416746259,2,0.1702144593000412,-0.22683967649936676,0.7741622924804688,-0.018611302599310875
37,0.0007298117270693183,3,0.17036962509155273,-0.22691047191619873,0.7744420766830444,-0.011074291542172432
37,0.0031243390403687954,4,0.16903187334537506,-0.22670820355415344,0.7751550674438477,-0.014589238911867142
37,0.04078524932265282,5,0.16651195287704468,-0.2280379980802536,0.7760821580886841,-0.023872703313827515
37,0.6231259107589722,6,0.16225026547908783,-0.22761793434619904,0.7779740691184998,0.4722248911857605
37,0.7168631553649902,7,0.16099129617214203,-0.22851087152957916,0.7777671813964844,-0.02537139318883419
37,0.9535267949104309,8,0.16041697561740875,-0.22608903050422668,0.7818616032600403,0.02771025523543358
38,0.00020154344383627176,1,0.17083439230918884,-0.22456902265548706,0.7727365493774414,-0.012930038385093212
38,0.00030292547307908535,2,0.17049774527549744,-0.22450993955135345,0.7728595733642578,-0.033193185925483704
38,0.00045055197551846504,3,0.16972479224205017,-0.22451776266098022,0.7734178900718689,-0.023060176521539688
38,0.0014863471733406186,4,0.16919942200183868,-0.22623668611049652,0.7727742195129395,-0.04431699961423874
38,0.04354122653603554,5,0.16539518535137177,-0.22676220536231995,0.7706966400146484,-0.022654296830296516
38,0.12848252058029175,6,0.16385981440544128,-0.2273714542388916,0.7708145380020142,-0.0381607785820961
38,0.38896444439888,7,0.16276581585407257,-0.22766585648059845,0.7701713442802429,-0.03829704225063324
38,0.7538098096847534,8,0.1619000881910324,-0.22677180171012878,0.7711451053619385,0.4819013774394989
39,0.0006136671872809529,1,0.16766425967216492,-0.22692345082759857,0.7721495032310486,-0.03651096671819687
39,0.0014810065040364861,2,0.16648992896080017,-0.22709538042545319,0.7721478343009949,-0.03711441904306412
39,0.0022717684041708708,3,0.16647575795650482,-0.2273702770471573,0.7722315192222595,-0.03960245102643967
39,0.0026367364916950464,4,0.16693243384361267,-0.22763538360595703,0.7728342413902283,-0.029040327295660973
39,0.0025632602628320456,5,0.1669219732284546,-0.22954484820365906,0.7736060619354248,-0.029510628432035446
39,0.0024474160745739937,6,0.16733358800411224,-0.23275408148765564,0.7741613388061523,-0.03221224248409271
39,0.001916618668474257,7,0.16859140992164612,-0.23389577865600586,0.7749242186546326,-0.001090949634090066
39,0.0028039279859513044,8,0.17126043140888214,-0.23162102699279785,0.7748495936393738,0.022975314408540726
41,0.0001997226499952376,1,0.17531800270080566,-0.2276163548231125,0.7732361555099487,-0.021098656579852104
41,0.00024601342738606036,2,0.17504528164863586,-0.22803257405757904,0.7738000154495239,-0.02203482948243618
41,0.0006886037881486118,3,0.17490114271640778,-0.22663997113704681,0.773413896560669,-0.019664090126752853
41,0.0009709533187560737,4,0.17342762649059296,-0.2296735793352127,0.7745505571365356,-0.021548429504036903
41,0.0010091608855873346,5,0.1739107072353363,-0.23135721683502197,0.7749954462051392,-0.012372392229735851
41,0.0014190381625667214,6,0.17501646280288696,-0.23312708735466003,0.7748254537582397,-0.010455058887600899
41,0.0019196803914383054,7,0.17383983731269836,-0.2387230098247528,0.7753056287765503,-0.028934383764863014
41,0.003927622456103563,8,0.17510198056697845,-0.23825520277023315,0.7751057744026184,-0.005247706081718206
42,0.0015134656568989158,1,0.17089024186134338,-0.22385191917419434,0.7724524736404419,-0.022614791989326477
42,0.003735342063009739,2,0.17045120894908905,-0.22410519421100616,0.7723760604858398,-0.03052346594631672
42,0.007044910453259945,3,0.17017096281051636,-0.22437654435634613,0.7728777527809143,-0.023568009957671165
42,0.004283188376575708,4,0.17126543819904327,-0.22537465393543243,0.7740134596824646,-0.017211129888892174
42,0.004911330528557301,5,0.17256000638008118,-0.22522658109664917,0.7747332453727722,-0.011794098652899265
42,0.03592308983206749,6,0.17227642238140106,-0.22810915112495422,0.7738726139068604,-0.011721791699528694
42,0.7667173147201538,7,0.16807469725608826,-0.2269555777311325,0.7730908393859863,0.4491350054740906
42,0.8884219527244568,8,0.16767527163028717,-0.22679300606250763,0.772901177406311,-0.023874111473560333
43,0.0002598834689706564,1,0.1741645187139511,-0.22627878189086914,0.7728615403175354,-0.020354265347123146
43,0.0004522000963333994,2,0.17319969832897186,-0.22728507220745087,0.7732654809951782,-0.020835574716329575
43,0.003549883607774973,3,0.17167793214321136,-0.22719548642635345,0.7731241583824158,-0.01153197605162859
43,0.03584079071879387,4,0.17209389805793762,-0.2285279929637909,0.7729219794273376,-0.01899096742272377
43,0.33354461193084717,5,0.17068266868591309,-0.22889044880867004,0.7723915576934814,-0.05195434391498566
43,0.880072295665741,6,0.1695243865251541,-0.22609440982341766,0.7752271294593811,0.4894706606864929
43,0.8990441560745239,7,0.16754485666751862,-0.22723177075386047,0.7762834429740906,-0.008202805183827877
43,0.9629412889480591,8,0.1688174605369568,-0.22532868385314941,0.7823165059089661,0.05405966565012932
44,0.0014629393117502332,1,0.17167410254478455,-0.22592175006866455,0.7727414965629578,-0.03560886159539223
44,0.018706806004047394,2,0.17001700401306152,-0.2274492084980011,0.7722485065460205,-0.043144043534994125
44,0.04306779056787491,3,0.16867442429065704,-0.22842508554458618,0.7726569771766663,-0.04377736151218414
44,0.03966759145259857,4,0.16883200407028198,-0.22830639779567719,0.7737054824829102,-0.040300555527210236
44,0.3120760917663574,5,0.1681460440158844,-0.22846709191799164,0.7735235691070557,-0.004176772199571133
44,0.1796385794878006,6,0.16747605800628662,-0.22983087599277496,0.7735444903373718,-0.04023444280028343
44,0.11612500995397568,7,0.1684911698102951,-0.22940759360790253,0.7745542526245117,-0.025639239698648453
44,0.055693723261356354,8,0.16459594666957855,-0.23209263384342194,0.7752619385719299,-0.02796919271349907
45,0.005258125718683004,1,0.17389078438282013,-0.2293553203344345,0.7723141312599182,-0.0382571779191494
45,0.01585465855896473,2,0.17430245876312256,-0.23023995757102966,0.7722306251525879,-0.0404394306242466
45,0.06366227567195892,3,0.1734347641468048,-0.23155716061592102,0.7716658711433411,-0.03753114864230156
45,0.1271345615386963,4,0.1730947047472,-0.2313956618309021,0.7716972827911377,-0.037539929151535034
45,0.4198773205280304,5,0.17164288461208344,-0.23046088218688965,0.7714230418205261,-0.02954290807247162
45,0.18257664144039154,6,0.17256905138492584,-0.23101714253425598,0.7725503444671631,-0.03855462372303009
45,0.05584987252950668,7,0.17277389764785767,-0.23116567730903625,0.77406245470047,-0.026003513485193253
45,0.7390598654747009,8,0.16923125088214874,-0.22909753024578094,0.7760371565818787,0.5878596305847168
46,0.06416088342666626,1,0.16921669244766235,-0.2251218557357788,0.7718783617019653,-0.032748837023973465
46,0.12684151530265808,2,0.16899967193603516,-0.2264166623353958,0.7719483971595764,-0.03866976127028465
46,0.14809030294418335,3,0.16917912662029266,-0.22767585515975952,0.7723230719566345,-0.03991790860891342
46,0.13310123980045319,4,0.16933242976665497,-0.22922350466251373,0.7728288769721985,-0.04000160098075867
46,0.1277904510498047,5,0.16959673166275024,-0.22970476746559143,0.7733786702156067,-0.038760557770729065
46,0.05161333084106445,6,0.16974219679832458,-0.22978009283542633,0.7745456695556641,-0.03503810614347458
46,0.02090195007622242,7,0.1687639355659485,-0.2307368665933609,0.7750152945518494,-0.038713354617357254
46,0.6662874221801758,8,0.16470985114574432,-0.2304038554430008,0.7814135551452637,0.6723486185073853
47,0.029704567044973373,1,0.17044894397258759,-0.22109051048755646,0.775843620300293,-0.01814698800444603
47,0.17303191125392914,2,0.17148959636688232,-0.22214220464229584,0.7766199707984924,-0.02811768651008606
47,0.9011484384536743,3,0.1691609025001526,-0.22061412036418915,0.7806905508041382,0.5314658284187317
47,0.9907194972038269,4,0.16708555817604065,-0.21994470059871674,0.787536084651947,0.06132024526596069
47,0.9921695590019226,5,0.16519689559936523,-0.22060534358024597,0.7903143763542175,0.008189253509044647
47,0.9782545566558838,6,0.16409334540367126,-0.22357968986034393,0.7856147885322571,-0.07799772918224335
47,0.9857454299926758,7,0.16216351091861725,-0.22470277547836304,0.7874361276626587,0.000935469230171293
47,0.9958744645118713,8,0.16341176629066467,-0.2225835770368576,0.7952823042869568,0.011247281916439533
48,0.14650095999240875,1,0.1699405014514923,-0.22308586537837982,0.7752870321273804,-0.01410531997680664
48,0.5589137077331543,2,0.1698814034461975,-0.22437497973442078,0.7762392163276672,0.46943140029907227
48,0.8681350350379944,3,0.1680452525615692,-0.22487863898277283,0.7770336866378784,-0.012345419265329838
48,0.9524248838424683,4,0.1669478714466095,-0.22530291974544525,0.7799155116081238,0.013074264861643314
48,0.7599820494651794,5,0.16431118547916412,-0.22706156969070435,0.7775998115539551,-0.04969581961631775
48,0.9631066918373108,6,0.16481401026248932,-0.22421371936798096,0.7920930981636047,0.1323755383491516
48,0.9709728360176086,7,0.16121193766593933,-0.22254562377929688,0.7989106178283691,-0.02152468077838421
48,0.9377843737602234,8,0.15984779596328735,-0.22218146920204163,0.7997533082962036,-0.022039374336600304
50,0.1973470151424408,1,0.17168797552585602,-0.22117052972316742,0.7797051072120667,-0.02092079073190689
50,0.4337851405143738,2,0.17175157368183136,-0.22098395228385925,0.7801497578620911,-0.028699800372123718
50,0.4768739640712738,3,0.17249879240989685,-0.22338993847370148,0.7781559228897095,-0.04556046798825264
50,0.20860816538333893,4,0.17256657779216766,-0.22331936657428741,0.7761985659599304,-0.02356671541929245
50,0.0986032709479332,5,0.17268964648246765,-0.2243865728378296,0.7758870124816895,-0.016647042706608772
50,0.096001997590065,6,0.171734020113945,-0.22596034407615662,0.7751720547676086,-0.015152482315897942
50,0.2732867896556854,7,0.1695961356163025,-0.22786539793014526,0.7742656469345093,-0.013569120317697525
50,0.7740288972854614,8,0.17219670116901398,-0.22589972615242004,0.7756475210189819,0.49372172355651855
51,0.04015005752444267,1,0.17044425010681152,-0.2248181700706482,0.776566743850708,-0.02411435917019844
51,0.05316052958369255,2,0.17201296985149384,-0.2261987328529358,0.7759531736373901,-0.02633872628211975
51,0.042819663882255554,3,0.17355896532535553,-0.22613972425460815,0.7754080295562744,-0.023601241409778595
51,0.022215571254491806,4,0.17448273301124573,-0.22592467069625854,0.7760198712348938,-0.020518533885478973
51,0.014745369553565979,5,0.1754302978515625,-0.22423280775547028,0.7767481803894043,-0.014419863000512123
51,0.012512332759797573,6,0.17436616122722626,-0.22478142380714417,0.7769045829772949,-0.013839921914041042
51,0.016504382714629173,7,0.17335395514965057,-0.22483891248703003,0.7755940556526184,-0.011448638513684273
51,0.015881763771176338,8,0.17257851362228394,-0.22589512169361115,0.7758766412734985,-0.012456339783966541
52,0.002536162966862321,1,0.17041806876659393,-0.22463472187519073,0.7760960459709167,-0.027821123600006104
52,0.0025150927249342203,2,0.17203541100025177,-0.22512072324752808,0.7763417363166809,-0.019722478464245796
52,0.002971525304019451,3,0.17330524325370789,-0.22630952298641205,0.7766832709312439,-0.01918581873178482
52,0.003186611458659172,4,0.1740664839744568,-0.22805169224739075,0.7769643664360046,-0.02063213661313057
52,0.0036899978294968605,5,0.17423215508460999,-0.22974084317684174,0.7772447466850281,-0.019595064222812653
52,0.00922323390841484,6,0.17436537146568298,-0.23044399917125702,0.7768814563751221,-0.00822838582098484
52,0.01512385904788971,7,0.17284369468688965,-0.23134958744049072,0.7764323353767395,-0.0042703039944171906
52,0.0465744212269783,8,0.1712745726108551,-0.23116634786128998,0.7749446630477905,-0.007074881345033646
53,0.0018561187898740172,1,0.17018577456474304,-0.23453891277313232,0.7781088352203369,-0.022995106875896454
53,0.0025831968523561954,2,0.17159949243068695,-0.23567521572113037,0.7780815362930298,-0.020940441638231277
53,0.007928195409476757,3,0.17495431005954742,-0.23652061820030212,0.7791175246238708,-0.02336701937019825
53,0.016452789306640625,4,0.17568056285381317,-0.23678603768348694,0.778702974319458,-0.01666073128581047
53,0.023310774937272072,5,0.17526039481163025,-0.23822231590747833,0.7783960103988647,-0.02435242384672165
53,0.07769880443811417,6,0.17465612292289734,-0.23792579770088196,0.7787736654281616,-0.017401285469532013
53,0.05499802902340889,7,0.17324930429458618,-0.23904478549957275,0.7768083214759827,-0.017696330323815346
53,0.524050235748291,8,0.17456184327602386,-0.23701828718185425,0.778455376625061,0.5157538056373596
55,0.5709059834480286,1,0.1725034862756729,-0.23235969245433807,0.7856945395469666,0.5674957633018494
55,0.5955695509910583,2,0.16999252140522003,-0.23404525220394135,0.7874285578727722,-0.0021876534447073936
55,0.9683833122253418,3,0.17106664180755615,-0.2305167317390442,0.7970560193061829,0.009866882115602493
55,0.9919198751449585,4,0.16926926374435425,-0.22959493100643158,0.8127990365028381,-0.02416554093360901
55,0.9952612519264221,5,0.1681508868932724,-0.23008106648921967,0.8245119452476501,-0.0216966662555933
55,0.9560617208480835,6,0.1659768521785736,-0.2338481992483139,0.814003586769104,-0.02330673113465309
55,0.8369008898735046,7,0.1631493866443634,-0.23877845704555511,0.8088370561599731,-0.028998877853155136
55,0.5728390216827393,8,0.16483648121356964,-0.2345949411392212,0.8016253113746643,-0.021726079285144806
56,0.8264966607093811,1,0.1742691844701767,-0.22983291745185852,0.7889606356620789,-0.03135193884372711
56,0.7263712882995605,2,0.17342251539230347,-0.23168212175369263,0.7830711603164673,-0.09630703181028366
56,0.4231041371822357,3,0.1710687130689621,-0.23449473083019257,0.7778316140174866,-1.6306253671646118
56,0.4439584016799927,4,0.17109428346157074,-0.23564878106117249,0.7770364880561829,-0.0280095674097538
56,0.04969601705670357,5,0.16822145879268646,-0.23824959993362427,0.773687481880188,-0.028473423793911934
56,0.01134343259036541,6,0.1686302125453949,-0.23689445853233337,0.7739806771278381,-0.008431577123701572
56,0.00412509823217988,7,0.1680590808391571,-0.23580558598041534,0.774605393409729,-0.005088768899440765
56,0.005014196038246155,8,0.1677476316690445,-0.23374676704406738,0.7739741206169128,0.014588678255677223
57,0.8940955996513367,1,0.16850893199443817,-0.2352820187807083,0.7947885394096375,-0.02302139811217785
57,0.805353581905365,2,0.16907353699207306,-0.23706156015396118,0.791314423084259,-0.024920225143432617
57,0.7715646028518677,3,0.1676923930644989,-0.23824457824230194,0.7899380922317505,-0.025634821504354477
57,0.5670567154884338,4,0.16307435929775238,-0.24252915382385254,0.7920712828636169,-0.027324123308062553
57,0.946649432182312,5,0.16951371729373932,-0.23626844584941864,0.8168232440948486,-0.024003980681300163
57,0.9204719662666321,6,0.16466881334781647,-0.23808611929416656,0.8226683735847473,-0.027641786262392998
57,0.8483033776283264,7,0.16155947744846344,-0.24061048030853271,0.824554443359375,-0.024421656504273415
57,0.5384051203727722,8,0.1562088578939438,-0.2450314462184906,0.8204726576805115,-0.023841900750994682
58,0.9756553769111633,1,0.17114774882793427,-0.22683827579021454,0.8027036190032959,-0.02145678550004959
58,0.9741649031639099,2,0.1726660579442978,-0.22928917407989502,0.8001387119293213,-0.022642716765403748
58,0.9152030348777771,3,0.1702917367219925,-0.2318705916404724,0.7950326204299927,-0.02265959233045578
58,0.769342839717865,4,0.1691439002752304,-0.23380661010742188,0.7931081652641296,-0.02316894195973873
58,0.7248311042785645,5,0.1666778326034546,-0.23544363677501678,0.7976517081260681,-0.023499179631471634
58,0.8709396123886108,6,0.1687530279159546,-0.23415324091911316,0.8138978481292725,-0.021285725757479668
58,0.7512878775596619,7,0.16205261647701263,-0.23708635568618774,0.8188430070877075,-0.022581424564123154
58,0.9588764905929565,8,0.16476541757583618,-0.23191456496715546,0.8457044363021851,-0.020939167588949203
59,0.638810396194458,1,0.17058120667934418,-0.23376569151878357,0.7896679639816284,-0.026296865195035934
59,0.7810267210006714,2,0.1714714914560318,-0.2364562451839447,0.7896528840065002,-0.024214742705225945
59,0.25937923789024353,3,0.1695164144039154,-0.24083265662193298,0.7809282541275024,-1.6761858463287354
59,0.05815073475241661,4,0.16870974004268646,-0.24208477139472961,0.7766607403755188,-0.01553724892437458
59,0.0067643215879797935,5,0.1691327691078186,-0.24216385185718536,0.774179220199585,-0.02077340893447399
59,0.004313700832426548,6,0.16941098868846893,-0.23995165526866913,0.7738046646118164,0.016520436853170395
59,0.008389334194362164,7,0.16700410842895508,-0.23951725661754608,0.7736881971359253,-0.0049317399971187115
59,0.0029709378723055124,8,0.1654367297887802,-0.2385873794555664,0.7733787894248962,-0.01300659216940403
60,0.38596001267433167,1,0.16774341464042664,-0.23609237372875214,0.7811201214790344,-0.049459315836429596
60,0.4796149730682373,2,0.16753558814525604,-0.2354346364736557,0.779573380947113,-0.016576724126935005
60,0.15161368250846863,3,0.16602376103401184,-0.23760947585105896,0.7760918140411377,-0.03841264545917511
60,0.0320899598300457,4,0.16672074794769287,-0.2366567999124527,0.7741833925247192,-0.01666312851011753
60,0.009381996467709541,5,0.16739612817764282,-0.23396152257919312,0.7735507488250732,0.015534830279648304
60,0.011656202375888824,6,0.1656070500612259,-0.23334594070911407,0.7732803225517273,0.005321959499269724
60,0.004676679149270058,7,0.16416586935520172,-0.23172630369663239,0.7729381322860718,0.028259865939617157
60,0.0032596145756542683,8,0.16285830736160278,-0.2306516468524933,0.7730183601379395,0.02816038206219673
61,0.24914444983005524,1,0.16902485489845276,-0.24521325528621674,0.7847234010696411,0.008317502215504646
61,0.2897680997848511,2,0.16899628937244415,-0.24563850462436676,0.784342348575592,0.006117638200521469
61,0.3090042471885681,3,0.16942095756530762,-0.24491354823112488,0.78216952085495,-0.005619003437459469
61,0.2046956717967987,4,0.16831360757350922,-0.24473640322685242,0.7790317535400391,-0.023942146450281143
61,0.4139699637889862,5,0.16846324503421783,-0.2422255128622055,0.7793304324150085,-0.03467053920030594
61,0.6133445501327515,6,0.16655318439006805,-0.24142986536026,0.7807909846305847,0.5202105641365051
61,0.6950793266296387,7,0.16609832644462585,-0.24098330736160278,0.7846054434776306,0.026274969801306725
61,0.9074082374572754,8,0.1702503263950348,-0.23736301064491272,0.8008437156677246,0.04641205072402954
62,0.30749717354774475,1,0.1668715924024582,-0.23897705972194672,0.7865570187568665,0.0027722709346562624
62,0.3119690418243408,2,0.16572453081607819,-0.2401876449584961,0.7854436635971069,-0.0006081288447603583
62,0.152126282453537,3,0.16368311643600464,-0.24136239290237427,0.78097003698349,-0.008672974072396755
62,0.05906154587864876,4,0.16218024492263794,-0.2412971705198288,0.7775138020515442,-0.00813004095107317
62,0.11359474062919617,5,0.16125857830047607,-0.23929210007190704,0.777552604675293,-0.016052961349487305
62,0.2310982644557953,6,0.16131514310836792,-0.23672787845134735,0.7800198197364807,-0.027795031666755676
62,0.3620664179325104,7,0.1654680073261261,-0.23447364568710327,0.7900800108909607,-0.019310733303427696
62,0.6392049193382263,8,0.16653385758399963,-0.23172950744628906,0.804012656211853,0.6108159422874451
63,0.009220175445079803,1,0.16629062592983246,-0.24588939547538757,0.7746782302856445,-0.0056188046000897884
63,0.03757660835981369,2,0.1661016345024109,-0.24531184136867523,0.7765659689903259,-2.978153497679159e-05
63,0.011466272175312042,3,0.16441474854946136,-0.24622046947479248,0.7739225625991821,-0.009416337125003338
63,0.0048049758188426495,4,0.16488876938819885,-0.24358782172203064,0.773230254650116,0.014940271154046059
63,0.0019347583875060081,5,0.16442561149597168,-0.2414592206478119,0.7736302018165588,0.006002729292958975
63,0.004663444589823484,6,0.16247272491455078,-0.24005205929279327,0.773422122001648,-0.014030572026968002
63,0.00325950188562274,7,0.15919837355613708,-0.24080875515937805,0.7733222246170044,-0.016970014199614525
63,0.00770368380472064,8,0.16217146813869476,-0.2375917136669159,0.7727006673812866,-0.013174174353480339
64,0.1836547553539276,1,0.16968168318271637,-0.2390824258327484,0.7775769829750061,-0.021235695108771324
64,0.15044330060482025,2,0.17066800594329834,-0.23581159114837646,0.7735710740089417,0.0003827156906481832
64,0.09519316256046295,3,0.16989779472351074,-0.2339467853307724,0.7717312574386597,-0.007777486927807331
64,0.03304603323340416,4,0.16924680769443512,-0.2321101725101471,0.7711905241012573,-0.009596412070095539
64,0.01388081070035696,5,0.1688249409198761,-0.2302362471818924,0.7712593674659729,0.006259541492909193
64,0.006843926850706339,6,0.16776135563850403,-0.22944791615009308,0.7715983986854553,0.0013001199113205075
64,0.005370988976210356,7,0.1661170870065689,-0.22891104221343994,0.7714326977729797,0.007782436907291412
64,0.0028447529766708612,8,0.16478820145130157,-0.22870799899101257,0.7720637917518616,-0.015231462195515633
65,0.04669332504272461,1,0.16403494775295258,-0.24135369062423706,0.7759381532669067,-0.02900012955069542
65,0.039348945021629333,2,0.16319485008716583,-0.2412126213312149,0.774970293045044,0.0008513217326253653
65,0.011849820613861084,3,0.16184528172016144,-0.24233856797218323,0.7732225656509399,-0.01772303134202957
65,0.008449613116681576,4,0.16201817989349365,-0.24048009514808655,0.7726873159408569,0.022764448076486588
65,0.0031373626552522182,5,0.16162210702896118,-0.24022142589092255,0.7729501128196716,0.007594937924295664
65,0.004705479368567467,6,0.16047868132591248,-0.24001459777355194,0.7728902697563171,-0.0042352513410151005
65,0.004503916017711163,7,0.15949282050132751,-0.24040494859218597,0.7729275226593018,-0.014385318383574486
65,0.005590643268078566,8,0.1591581553220749,-0.2398546189069748,0.7726515531539917,-0.011125833727419376
66,0.02688940428197384,1,0.17038093507289886,-0.23859059810638428,0.7758985161781311,0.01911444403231144
66,0.03222895786166191,2,0.17028063535690308,-0.23875485360622406,0.7756582498550415,-0.001086850417777896
66,0.0636620745062828,3,0.16887159645557404,-0.23901084065437317,0.7759234309196472,-0.0009535098797641695
66,0.05704071372747421,4,0.1675744354724884,-0.23873817920684814,0.7747653126716614,-0.030708855018019676
66,0.08535753190517426,5,0.16583941876888275,-0.23847326636314392,0.7751962542533875,-0.030965402722358704
66,0.12352953106164932,6,0.16525937616825104,-0.23825031518936157,0.776664674282074,-0.026995889842510223
66,0.11677394807338715,7,0.16522300243377686,-0.23841242492198944,0.7797368764877319,0.006936941295862198
66,0.11041934788227081,8,0.1651332676410675,-0.23930536210536957,0.7852596044540405,-0.004945010878145695
67,0.00967575702816248,1,0.16852763295173645,-0.24167318642139435,0.7723371982574463,-0.015131857246160507
67,0.011060632765293121,2,0.16781751811504364,-0.24185718595981598,0.7721443176269531,0.003249943722039461
67,0.004433897789567709,3,0.16634851694107056,-0.2432715892791748,0.7716506719589233,-0.008470781147480011
67,0.0015119848540052772,4,0.16593477129936218,-0.24373246729373932,0.7716216444969177,-0.002218771493062377
67,0.004210139159113169,5,0.16610907018184662,-0.24088627099990845,0.7716532945632935,0.00884001050144434
67,0.0049444749020040035,6,0.16461965441703796,-0.2405587136745453,0.7716026902198792,-0.019422810524702072
67,0.005809473805129528,7,0.16415080428123474,-0.23951005935668945,0.7715112566947937,-0.018278343603014946
67,0.004453996196389198,8,0.16570159792900085,-0.23813116550445557,0.771443784236908,-0.009216421283781528
68,0.011151693761348724,1,0.17026947438716888,-0.2365323007106781,0.7735574841499329,-0.012220379896461964
68,0.0040417807176709175,2,0.1658281832933426,-0.23982200026512146,0.7723614573478699,-0.035206303000450134
68,0.008884626440703869,3,0.1653049886226654,-0.23879094421863556,0.7726952433586121,-0.007119772955775261
68,0.0033605576027184725,4,0.1644812822341919,-0.23863303661346436,0.7720212340354919,0.004455114249140024
68,0.011096020229160786,5,0.16531530022621155,-0.23628079891204834,0.7727187275886536,-0.013558276928961277
68,0.018838725984096527,6,0.16567321121692657,-0.23530928790569305,0.7755131125450134,-0.0343925841152668
68,0.09632541239261627,7,0.16847696900367737,-0.2324504852294922,0.7864688634872437,-0.004220648668706417
68,0.2837713062763214,8,0.16881293058395386,-0.2307358980178833,0.8023822903633118,-0.012085529044270515
69,0.010475756600499153,1,0.16758327186107635,-0.23675785958766937,0.7723649144172668,-0.05249323323369026
69,0.00943357590585947,2,0.16756707429885864,-0.2369534820318222,0.771976113319397,-0.049036916345357895
69,0.002021325984969735,3,0.1662147045135498,-0.23888260126113892,0.7711023092269897,-0.03780335932970047
69,0.0005464038113132119,4,0.16597053408622742,-0.23839758336544037,0.7714924216270447,-0.022363552823662758
69,0.0002869708987418562,5,0.16556237637996674,-0.23611018061637878,0.7723363637924194,0.0011994544183835387
69,0.0004474239831324667,6,0.1641581505537033,-0.2351113259792328,0.7726308703422546,-0.00732143921777606
69,0.00025799585273489356,7,0.1631098985671997,-0.23329107463359833,0.7733351588249207,0.02041366510093212
69,0.00023974996292963624,8,0.161995068192482,-0.2316202074289322,0.7734206914901733,0.013958638533949852
70,0.007658688351511955,1,0.17774026095867157,-0.23226098716259003,0.7731304168701172,-0.00645162258297205
70,0.0034767913166433573,2,0.17487022280693054,-0.234227254986763,0.7721031308174133,-0.008388206362724304
70,0.004405310843139887,3,0.17453855276107788,-0.23293712735176086,0.7721253633499146,-0.012234814465045929
70,0.013017095625400543,4,0.17420078814029694,-0.2317107915878296,0.7751752138137817,-0.015308039262890816
70,0.04828152805566788,5,0.17484258115291595,-0.23027220368385315,0.782636821269989,-0.015534859150648117
70,0.04083240032196045,6,0.17264360189437866,-0.23078535497188568,0.7847364544868469,-0.04715818911790848
70,0.04531165584921837,7,0.17094936966896057,-0.23245689272880554,0.7886009216308594,-0.03516025468707085
70,0.540810763835907,8,0.1747937947511673,-0.22747361660003662,0.8165643811225891,0.672109842300415
71,0.0020898468792438507,1,0.1674128770828247,-0.23267270624637604,0.7713843584060669,-0.04621250927448273
71,0.0011784357484430075,2,0.1669360101222992,-0.23354975879192352,0.7707159519195557,-0.037677038460969925
71,0.00053569016745314,3,0.16587892174720764,-0.2349614053964615,0.7711379528045654,-0.03168982267379761
71,0.0002707438834477216,4,0.16510342061519623,-0.234968900680542,0.771614134311676,-0.033577289432287216
71,0.00012156657612649724,5,0.1647094339132309,-0.23494146764278412,0.7726885080337524,-0.028730690479278564
71,7.023571379249915e-05,6,0.16391924023628235,-0.23374268412590027,0.7736725807189941,-0.007015706971287727
71,5.737489846069366e-05,7,0.16349093616008759,-0.23259563744068146,0.7743738889694214,-0.0012387108290567994
71,6.473310349974781e-05,8,0.1626485139131546,-0.23047146201133728,0.7744770646095276,0.023869145661592484
72,0.005052458960562944,1,0.16786979138851166,-0.23564372956752777,0.7728756070137024,0.008737176656723022
72,0.00493754493072629,2,0.16757477819919586,-0.2350573092699051,0.7721987962722778,0.01014703232795
72,0.00736689567565918,3,0.1663261502981186,-0.23464329540729523,0.7720098495483398,-0.007508281618356705
72,0.0047774482518434525,4,0.16462868452072144,-0.23418967425823212,0.7715857625007629,-0.03172437101602554
72,0.008045805618166924,5,0.16244356334209442,-0.233573317527771,0.7713596820831299,-0.028977015987038612
72,0.011177840642631054,6,0.16182935237884521,-0.23305757343769073,0.7715749740600586,-0.014057599939405918
72,0.0104938093572855,7,0.16214439272880554,-0.23284310102462769,0.7730900049209595,-0.0014710533432662487
72,0.02081008441746235,8,0.16270920634269714,-0.23226004838943481,0.7781561613082886,-0.017348013818264008
73,0.000255857827141881,1,0.16840516030788422,-0.23904600739479065,0.7701645493507385,-0.011292645707726479
73,0.0004168297164142132,2,0.16620628535747528,-0.23941799998283386,0.7702536582946777,0.0027648808900266886
73,0.0009191616554744542,3,0.1643608808517456,-0.23896795511245728,0.7705805897712708,-0.0017988362815231085
73,0.0011463353876024485,4,0.16330035030841827,-0.23849523067474365,0.7709165811538696,-0.01149781048297882
73,0.0004221056879032403,5,0.16254960000514984,-0.23941901326179504,0.771643340587616,-0.012745206244289875
73,0.0004487681726459414,6,0.1620100885629654,-0.2392621636390686,0.7719706892967224,-0.02085166424512863
73,0.0009338177042081952,7,0.16265107691287994,-0.2370077669620514,0.7713956832885742,-0.014445438049733639
73,0.0023571811616420746,8,0.1634601652622223,-0.2345055639743805,0.7715831398963928,-0.013251793570816517
74,0.003296944312751293,1,0.1631588637828827,-0.23454973101615906,0.7704233527183533,-0.031400006264448166
74,0.003785490058362484,2,0.16092467308044434,-0.23527266085147858,0.7704365253448486,-0.044084761291742325
74,0.0027235159650444984,3,0.1597454845905304,-0.23574520647525787,0.7705615758895874,-0.03579070046544075
74,0.0010867029195651412,4,0.15890486538410187,-0.23618006706237793,0.7710446119308472,-0.022915702313184738
74,0.00047689164057374,5,0.1577463448047638,-0.23687773942947388,0.7718030214309692,-0.026290686801075935
74,0.0007276199758052826,6,0.15798720717430115,-0.23520082235336304,0.7712677717208862,-0.025904972106218338
74,0.0013240340631455183,7,0.15849348902702332,-0.23263506591320038,0.7708079814910889,-0.009840773418545723
74,0.0006047459901310503,8,0.1567576825618744,-0.23442071676254272,0.7712406516075134,-0.02446822077035904
75,0.000694303831551224,1,0.1673153191804886,-0.2350357621908188,0.7710846662521362,-0.04586835950613022
75,0.0007769698277115822,2,0.16610969603061676,-0.23533892631530762,0.771272599697113,-0.05650537461042404
75,0.0011834612814709544,3,0.1652817726135254,-0.23381322622299194,0.7711728811264038,-0.012237999588251114
75,0.0008296986925415695,4,0.16390343010425568,-0.23418574035167694,0.7715967893600464,-0.0256905946880579
75,0.0005990038043819368,5,0.16300897300243378,-0.2342502474784851,0.7719727754592896,-0.021880384534597397
75,0.00025477580493316054,6,0.16220435500144958,-0.23474155366420746,0.7728706002235413,-0.012854243628680706
75,0.00014083326095715165,7,0.16187535226345062,-0.2351026087999344,0.7735342383384705,-0.01976386085152626
75,0.00011585237371036783,8,0.16130656003952026,-0.23442880809307098,0.7738502621650696,0.011780080385506153
76,0.0018050159560516477,1,0.16792471706867218,-0.2338990420103073,0.7717549800872803,0.007366308942437172
76,0.0021512890234589577,2,0.16600404679775238,-0.23396697640419006,0.7716275453567505,-0.015126065351068974
76,0.003790119895711541,3,0.16433048248291016,-0.23351770639419556,0.7715197205543518,-0.024230362847447395
76,0.004318959079682827,4,0.16378405690193176,-0.23338042199611664,0.7715660333633423,-0.024362236261367798
76,0.012010456994175911,5,0.16569890081882477,-0.23111069202423096,0.7727417945861816,-0.005712493322789669
76,0.015639038756489754,6,0.16633236408233643,-0.2305436134338379,0.7761431932449341,-0.01006587315350771
76,0.012044373899698257,7,0.1651151031255722,-0.23253019154071808,0.7801204919815063,-0.019446680322289467
76,0.08444392681121826,8,0.16724467277526855,-0.23125725984573364,0.7938911318778992,-0.006086043547838926
77,0.0009243045351468027,1,0.1691742241382599,-0.23348912596702576,0.7711864113807678,-0.026143915951251984
77,0.0009733147453516722,2,0.16778388619422913,-0.23381952941417694,0.7709871530532837,0.008717463351786137
77,0.0011447410797700286,3,0.16676540672779083,-0.23339824378490448,0.7708413004875183,-0.0006063798791728914
77,0.00041019401396624744,4,0.1649797260761261,-0.23545971512794495,0.7717036008834839,-0.015086266212165356
77,0.00025410769740119576,5,0.16447655856609344,-0.23556247353553772,0.7722868919372559,-0.014462297782301903
77,0.0004305199545342475,6,0.16388584673404694,-0.2345535010099411,0.7720832228660583,-0.008325938135385513
77,0.000590479641687125,7,0.16418758034706116,-0.23333053290843964,0.7715713977813721,-0.013461739756166935
77,0.0005718962056562304,8,0.1649322807788849,-0.23229287564754486,0.7711299657821655,-0.016741234809160233
79,0.005726232659071684,1,0.16726627945899963,-0.22943530976772308,0.77107173204422,-0.0023857138585299253
79,0.02354809269309044,2,0.16758663952350616,-0.2283368557691574,0.7737253308296204,-0.00545747485011816
79,0.02176918089389801,3,0.16660086810588837,-0.22957123816013336,0.7752612829208374,-0.016508886590600014
79,0.03523080796003342,4,0.16643241047859192,-0.22909721732139587,0.7779632806777954,-0.0053007761016488075
79,0.07599835842847824,5,0.16702678799629211,-0.2283162921667099,0.7837496995925903,-0.014858544804155827
79,0.15954099595546722,6,0.16771824657917023,-0.22826632857322693,0.7946126461029053,-0.012928945012390614
79,0.21699418127536774,7,0.16735225915908813,-0.22873921692371368,0.8042109608650208,-0.01774315908551216
79,0.6422121524810791,8,0.1695631891489029,-0.22562023997306824,0.8235567212104797,0.653786301612854
83,0.000746488047298044,1,0.16937561333179474,-0.22231626510620117,0.7718054056167603,-0.026930175721645355
83,0.0015586516819894314,2,0.16906604170799255,-0.2218901365995407,0.7708446383476257,-0.02147383615374565
83,0.0009194643935188651,3,0.16763077676296234,-0.22357392311096191,0.7707328200340271,-0.03501199558377266
83,0.00026717083528637886,4,0.16618244349956512,-0.22667354345321655,0.7713155746459961,-0.0168861523270607
83,0.00020985567243769765,5,0.16577468812465668,-0.22740067541599274,0.7716125249862671,-0.013349167071282864
83,0.00011973276559729129,6,0.16537584364414215,-0.22787363827228546,0.7724361419677734,-0.012710463255643845
83,9.313349437434226e-05,7,0.16447997093200684,-0.22767160832881927,0.7730136513710022,0.004090155009180307
83,0.00011885834101121873,8,0.1640089452266693,-0.22648146748542786,0.7728316783905029,-0.0072151715867221355
85,0.0010771967936307192,1,0.17209844291210175,-0.22201576828956604,0.7701150178909302,-0.024417633190751076
85,0.0006534682470373809,2,0.16991497576236725,-0.22436083853244781,0.7703658938407898,-0.028887808322906494
85,0.00035107441362924874,3,0.16812676191329956,-0.226229727268219,0.7710365056991577,-0.02088644914329052
85,0.00033351968158967793,4,0.1672428399324417,-0.22627022862434387,0.7710703015327454,-0.02047038823366165
85,0.00036849372554570436,5,0.16590620577335358,-0.2264605164527893,0.7710205316543579,-0.02080950327217579
85,0.00018216152966488153,6,0.16490237414836884,-0.22817473113536835,0.7719866037368774,-0.020646415650844574
85,0.00012592079292517155,7,0.16405686736106873,-0.2284165322780609,0.7725605964660645,0.009633103385567665
85,0.00013373092224355787,8,0.16321446001529694,-0.22822028398513794,0.7726852297782898,-0.0062091294676065445
86,0.010070255026221275,1,0.16834883391857147,-0.21812304854393005,0.7705338001251221,-0.0328635610640049
86,0.00866979081183672,2,0.1678718626499176,-0.21959877014160156,0.7702500820159912,-0.03615487739443779
86,0.004857380874454975,3,0.16699060797691345,-0.22119754552841187,0.770185649394989,-0.031240493059158325
86,0.0023822507355362177,4,0.1660258024930954,-0.2227260172367096,0.7704986929893494,-0.025379102677106857
86,0.0022294544614851475,5,0.16491183638572693,-0.22298398613929749,0.7705559730529785,-0.026731837540864944
86,0.0011300493497401476,6,0.16392402350902557,-0.22407837212085724,0.7711392641067505,-0.024485653266310692
86,0.0007129930891096592,7,0.163051038980484,-0.22438152134418488,0.7715402245521545,-0.017674820497632027
86,0.0004896416794508696,8,0.16225983202457428,-0.224915012717247,0.7719517946243286,-0.01860259473323822
87,0.0008138965931721032,1,0.1713237464427948,-0.22378574311733246,0.7711894512176514,-0.030044429004192352
87,0.0005760687636211514,2,0.16967704892158508,-0.2255033403635025,0.7714996933937073,-0.02742852084338665
87,0.00042158152791671455,3,0.1688118278980255,-0.22634929418563843,0.7718232274055481,-0.024767374619841576
87,0.0002876332146115601,4,0.1681177169084549,-0.22708436846733093,0.7723414301872253,-0.02361062727868557
87,0.00021095667034387589,5,0.16764920949935913,-0.22752562165260315,0.7728370428085327,-0.024855054914951324
87,0.00016142400272656232,6,0.1670079380273819,-0.2278037965297699,0.7731626629829407,-0.019990386441349983
87,0.00013830380339641124,7,0.16626127064228058,-0.227786123752594,0.7733901739120483,-0.01737334206700325
87,0.00011386280675651506,8,0.16558513045310974,-0.22824186086654663,0.7736688256263733,-0.02114778943359852
88,0.0014855603221803904,1,0.16964048147201538,-0.22315576672554016,0.7703543901443481,-0.022487854585051537
88,0.0009371271589770913,2,0.16797178983688354,-0.22535765171051025,0.7704895734786987,-0.022803006693720818
88,0.0008181265438906848,3,0.1667419672012329,-0.2262296974658966,0.7707578539848328,-0.023467794060707092
88,0.0007593680056743324,4,0.1653263121843338,-0.2264426052570343,0.7708737254142761,-0.016642477363348007
88,0.0004436739254742861,5,0.16403089463710785,-0.22754505276679993,0.7715413570404053,-0.018903255462646484
88,0.0005876706563867629,6,0.16282550990581512,-0.22716376185417175,0.7712775468826294,-0.016869140788912773
88,0.0003235583135392517,7,0.1621766984462738,-0.22816680371761322,0.7717867493629456,-0.015599974431097507
88,0.00035305789788253605,8,0.16140779852867126,-0.22734412550926208,0.7716193795204163,-0.019949855282902718
89,0.005993494298309088,1,0.17179988324642181,-0.21679408848285675,0.7703319191932678,-0.02777750976383686
89,0.0043511404655873775,2,0.17070023715496063,-0.2188788205385208,0.7701367139816284,-0.024093525484204292
89,0.0023284382186830044,3,0.16970637440681458,-0.22069396078586578,0.7703543305397034,-0.023833194747567177
89,0.0013237654929980636,4,0.1687610000371933,-0.22197912633419037,0.770856499671936,-0.02417755126953125
89,0.0008511875639669597,5,0.1678691953420639,-0.22283555567264557,0.7713368535041809,-0.02096778154373169
89,0.0004972556489519775,6,0.16694077849388123,-0.22383010387420654,0.7720282673835754,-0.022845061495900154
89,0.00036297948099672794,7,0.1659611463546753,-0.22418174147605896,0.7724168300628662,-0.016061948612332344
89,0.0002842487010639161,8,0.16519206762313843,-0.22454482316970825,0.7726364135742188,-0.018399439752101898
90,0.003601446282118559,1,0.168412446975708,-0.2204396277666092,0.769951581954956,-0.02433813363313675
90,0.0032843889202922583,2,0.166761115193367,-0.22200314700603485,0.7698442935943604,-0.01748909242451191
90,0.004047139547765255,3,0.1651102751493454,-0.22267994284629822,0.7697387933731079,-0.02076282538473606
90,0.002415506402030587,4,0.16314604878425598,-0.22446951270103455,0.7699506282806396,-0.01951930858194828
90,0.002204477321356535,5,0.1624411642551422,-0.22477634251117706,0.7701215744018555,-0.017126498743891716
90,0.0017398529453203082,6,0.16079312562942505,-0.22535285353660583,0.7703067064285278,-0.019810814410448074
90,0.0011277851881459355,7,0.15954932570457458,-0.2267482429742813,0.7706100940704346,-0.0170978344976902
90,0.00155984319280833,8,0.15902195870876312,-0.22597894072532654,0.7706680297851562,-0.01191349420696497
91,0.0013894630828872323,1,0.16877175867557526,-0.2213319092988968,0.7709735035896301,-0.017702676355838776
91,0.0016375109553337097,2,0.16752837598323822,-0.22309020161628723,0.770734965801239,-0.017345182597637177
91,0.0015644715167582035,3,0.1659291684627533,-0.22478069365024567,0.7707380652427673,-0.019916806370019913
91,0.0013353568501770496,4,0.16450387239456177,-0.22619476914405823,0.7708556652069092,-0.020121190696954727
91,0.0010194499045610428,5,0.16308395564556122,-0.22753866016864777,0.7710270285606384,-0.020877376198768616
91,0.0013809122610837221,6,0.162040114402771,-0.22723467648029327,0.7710021138191223,-0.01870356686413288
91,0.0010971867013722658,7,0.16080763936042786,-0.22839407622814178,0.7711783647537231,-0.015875376760959625
91,0.001194302225485444,8,0.15991303324699402,-0.2284507304430008,0.7712622284889221,-0.0119779072701931
92,0.00497996062040329,1,0.16661500930786133,-0.2134171426296234,0.7708255648612976,-0.028501257300376892
92,0.003804733045399189,2,0.16497397422790527,-0.21587802469730377,0.7707794308662415,-0.025094134733080864
92,0.0028585735708475113,3,0.16358570754528046,-0.21761152148246765,0.7708691954612732,-0.02317611128091812
92,0.001760387676768005,4,0.16245728731155396,-0.21900668740272522,0.7712489366531372,-0.019774556159973145
92,0.0015968173975124955,5,0.161409392952919,-0.21975946426391602,0.7713843584060669,-0.021678723394870758
92,0.0013685086742043495,6,0.16042256355285645,-0.22052030265331268,0.7715225219726562,-0.02122737281024456
92,0.0009026797488331795,7,0.1595289409160614,-0.2214038223028183,0.7719578742980957,-0.01987237110733986
92,0.000574957113713026,8,0.15891122817993164,-0.2225123941898346,0.7725255489349365,-0.01730220951139927
93,0.02831636369228363,1,0.1679372787475586,-0.2187863439321518,0.7726975083351135,-0.014280792325735092
93,0.02549946866929531,2,0.16705039143562317,-0.21964028477668762,0.7726504802703857,-0.017527960240840912
93,0.013211166486144066,3,0.16506226360797882,-0.22108307480812073,0.7719014883041382,-0.02140619419515133
93,0.009681557305157185,4,0.16340045630931854,-0.22202929854393005,0.7717624306678772,-0.018811214715242386
93,0.0072899674996733665,5,0.16203579306602478,-0.22311830520629883,0.7714793086051941,-0.02071927860379219
93,0.007674301974475384,6,0.16098734736442566,-0.22354845702648163,0.7713538408279419,-0.019288569688796997
93,0.0046044946648180485,7,0.15948531031608582,-0.22526848316192627,0.7711995840072632,-0.02191595360636711
93,0.003576565533876419,8,0.1586156189441681,-0.22641156613826752,0.7710448503494263,-0.01978927291929722
94,0.004697134718298912,1,0.16511379182338715,-0.2167111486196518,0.7706748843193054,-0.021199237555265427
94,0.0030923837330192327,2,0.16447514295578003,-0.2183670997619629,0.7706817984580994,-0.02578183263540268
94,0.0026935748755931854,3,0.16353055834770203,-0.21965600550174713,0.770590603351593,-0.027220293879508972
94,0.0022359127178788185,4,0.16266554594039917,-0.22061564028263092,0.7706796526908875,-0.024200187996029854
94,0.0018707027193158865,5,0.16175539791584015,-0.2214566469192505,0.7706959247589111,-0.023412132635712624
94,0.0019113263115286827,6,0.160792738199234,-0.221763014793396,0.7705975770950317,-0.02708115056157112
94,0.0016315699322149158,7,0.15961332619190216,-0.2224559783935547,0.770700216293335,-0.031310562044382095
94,0.0011169039644300938,8,0.15846720337867737,-0.2238180935382843,0.7707409262657166,-0.025079650804400444
95,0.0004868202668149024,1,0.1631786972284317,-0.22760310769081116,0.7700705528259277,-0.014107838273048401
95,0.0004858761967625469,2,0.1629852056503296,-0.22828304767608643,0.7699760794639587,-0.022894227877259254
95,0.0005131177022121847,3,0.16262663900852203,-0.22896736860275269,0.769871711730957,-0.03321416303515434
95,0.0005504636210389435,4,0.1623777598142624,-0.2294856160879135,0.7698639631271362,-0.037463992834091187
95,0.0002434270572848618,5,0.16195882856845856,-0.23202015459537506,0.7702633142471313,-0.03238852694630623
95,0.00012614384468179196,6,0.16209730505943298,-0.23350821435451508,0.7708693742752075,-0.01599367894232273
95,0.00017114671936724335,7,0.16162264347076416,-0.23322273790836334,0.7707139253616333,-0.011720873415470123
95,0.00012453741510398686,8,0.16093148291110992,-0.23363162577152252,0.7711098194122314,0.01884554885327816
96,0.0014774666633456945,1,0.16472508013248444,-0.2260483205318451,0.7695904970169067,-0.014425053261220455
96,0.0014319883193820715,2,0.1633404940366745,-0.2278173565864563,0.7696646451950073,-0.015228449366986752
96,0.0015654132002964616,3,0.16218654811382294,-0.22844628989696503,0.7696465849876404,-0.016638783738017082
96,0.0009867853950709105,4,0.1613144874572754,-0.23015376925468445,0.7699217200279236,-0.016443585976958275
96,0.0006754095084033906,5,0.16061899065971375,-0.23139458894729614,0.7702549695968628,-0.016388824209570885
96,0.0007789012743160129,6,0.15986084938049316,-0.23127628862857819,0.7702467441558838,-0.021546674892306328
96,0.0008358000195585191,7,0.15945030748844147,-0.23147451877593994,0.7702387571334839,-0.008877850137650967
96,0.0011829568538814783,8,0.15924358367919922,-0.23074971139431,0.7705382108688354,-0.013782846741378307
97,0.0015986246289685369,1,0.16625894606113434,-0.22226959466934204,0.7696751356124878,-0.020263386890292168
97,0.0030690357089042664,2,0.16491736471652985,-0.22373802959918976,0.7699246406555176,-0.024339843541383743
97,0.003304761601611972,3,0.16378851234912872,-0.22600990533828735,0.7708800435066223,-0.018529297783970833
97,0.007938324473798275,4,0.16386288404464722,-0.22600705921649933,0.7739166021347046,-0.016024982556700706
97,0.045411206781864166,5,0.16594301164150238,-0.22491517663002014,0.7852437496185303,-0.011891793459653854
97,0.1105894073843956,6,0.16584694385528564,-0.22562535107135773,0.7980253100395203,-0.03280528262257576
97,0.2102317363023758,7,0.16601717472076416,-0.22714784741401672,0.8127186298370361,-0.016850529238581657
97,0.6416492462158203,8,0.16839352250099182,-0.2253173142671585,0.8358732461929321,0.6453884243965149
98,0.0019386146450415254,1,0.16679997742176056,-0.22602392733097076,0.7694377303123474,-0.013328619301319122
98,0.002182689495384693,2,0.16566291451454163,-0.22624340653419495,0.7701053023338318,-0.025156600400805473
98,0.00115965714212507,3,0.1635676920413971,-0.22833164036273956,0.7705885767936707,-0.025490373373031616
98,0.0013066889951005578,4,0.16194844245910645,-0.22878892719745636,0.7712836861610413,-0.025161830708384514
98,0.0007221726118586957,5,0.16026613116264343,-0.23092874884605408,0.7709148526191711,-0.014466049149632454
98,0.0009851359063759446,6,0.15934276580810547,-0.23094384372234344,0.7712409496307373,-0.01083303987979889
98,0.001057898043654859,7,0.15818659961223602,-0.2312813550233841,0.7715367078781128,-0.004150595981627703
98,0.0025687559973448515,8,0.1573595106601715,-0.22980661690235138,0.7734300494194031,-0.017276784405112267
99,0.001008354127407074,1,0.1629175841808319,-0.22730067372322083,0.7693686485290527,-0.02021954022347927
99,0.0007453752332367003,2,0.16174852848052979,-0.2293444722890854,0.7696649432182312,-0.026046913117170334
99,0.0006690577720291913,3,0.1610536128282547,-0.23012135922908783,0.7697702646255493,-0.0221287552267313
99,0.0006924287881702185,4,0.1600024700164795,-0.2302732914686203,0.7698238492012024,-0.005175011232495308
99,0.00042072657379321754,5,0.15909838676452637,-0.23217588663101196,0.7701722979545593,-0.02193044312298298
99,0.00039577981806360185,6,0.15869195759296417,-0.23253315687179565,0.770239531993866,-0.010443810373544693
99,0.0003241702797822654,7,0.15812599658966064,-0.23362261056900024,0.7704474925994873,-0.023925645276904106
99,0.00029649765929207206,8,0.1577029675245285,-0.23326408863067627,0.7704291939735413,-0.009864629246294498
100,0.0002924180880654603,1,0.16000446677207947,-0.22978898882865906,0.7704597115516663,-0.022225799039006233
100,0.00032278618891723454,2,0.15891890227794647,-0.2305459827184677,0.7705689668655396,-0.007714947685599327
100,0.000315919955028221,3,0.1579626500606537,-0.23149755597114563,0.7707282304763794,-0.016010141000151634
100,0.00029020593501627445,4,0.15717294812202454,-0.23225648701190948,0.770904004573822,-0.01548081822693348
100,0.0004623908316716552,5,0.1567448377609253,-0.2310139238834381,0.7705896496772766,-0.0214957557618618
100,0.00033016782253980637,6,0.1560342013835907,-0.23246942460536957,0.7708696722984314,-0.006765992380678654
100,0.00031442029285244644,7,0.156036838889122,-0.23284807801246643,0.7710842490196228,-0.01812133938074112
100,0.00045467138988897204,8,0.1552928388118744,-0.23208649456501007,0.7716097831726074,-0.012379658408463001
101,0.0001736669655656442,1,0.16876551508903503,-0.22819660604000092,0.7711033821105957,-0.01492634229362011
101,0.0002558775886427611,2,0.16767942905426025,-0.2282385379076004,0.7705811858177185,-0.02484002523124218
101,0.00037679768865928054,3,0.16621556878089905,-0.2284264862537384,0.7702432870864868,-0.028833819553256035
101,0.0002930552582256496,4,0.16505585610866547,-0.2302708923816681,0.7704082727432251,-0.017515281215310097
101,0.0004455892776604742,5,0.16379442811012268,-0.22988398373126984,0.770216166973114,-0.021024342626333237
101,0.0005443048430606723,6,0.16245166957378387,-0.23027019202709198,0.7703344821929932,-0.0013793258694931865
101,0.0009581383783370256,7,0.16164448857307434,-0.22966912388801575,0.7713274955749512,-0.01952585205435753
101,0.0007550501031801105,8,0.16159996390342712,-0.2318623960018158,0.7728138566017151,-0.013327629305422306
102,0.003878774121403694,1,0.16012796759605408,-0.2230035364627838,0.7697963714599609,-0.007781358901411295
102,0.004167122766375542,2,0.15948796272277832,-0.2237776517868042,0.7700432538986206,-0.04841472581028938
102,0.0029609811026602983,3,0.1584569215774536,-0.22516939043998718,0.7703256011009216,-0.045311205089092255
102,0.0017991841305047274,4,0.1573311686515808,-0.22676002979278564,0.7706295251846313,-0.04199588671326637
102,0.0010011957492679358,5,0.15604688227176666,-0.22819733619689941,0.7706645131111145,-0.02132628671824932
102,0.0006976054864935577,6,0.15529850125312805,-0.22872547805309296,0.7706660628318787,4.4568703742697835e-05
102,0.0009904946200549603,7,0.1548999398946762,-0.22750180959701538,0.7708593010902405,-0.0020658348221331835
102,0.0012177901808172464,8,0.15376412868499756,-0.22682040929794312,0.7713749408721924,0.0009893398964777589
103,0.00011796496983151883,1,0.15769128501415253,-0.22484427690505981,0.7718666791915894,-0.0026642719749361277
103,0.00018195946177002043,2,0.15596169233322144,-0.2250526398420334,0.7712684273719788,-0.014396880753338337
103,0.0002169234649045393,3,0.15438920259475708,-0.2259202003479004,0.771109402179718,-0.014222958125174046
103,0.00014762449427507818,4,0.15301954746246338,-0.2280673235654831,0.7716395854949951,-0.024028314277529716
103,0.00013562614913098514,5,0.15242204070091248,-0.22893184423446655,0.771880030632019,-0.01058268453925848
103,0.00019252116908319294,6,0.15209628641605377,-0.22812028229236603,0.7714619636535645,-0.023021576926112175
103,0.00024026597384363413,7,0.15149354934692383,-0.2277071177959442,0.7713445425033569,-0.010083920322358608
103,0.0003641924704425037,8,0.15105824172496796,-0.2270764261484146,0.7719169855117798,-0.0007384311174973845
104,0.00022183626424521208,1,0.1521231085062027,-0.23416650295257568,0.7714987993240356,-0.027347387745976448
104,0.00040113733848556876,2,0.1512656956911087,-0.2328014075756073,0.7711824178695679,-0.041056741029024124
104,0.0003337938978802413,3,0.14989793300628662,-0.2340405285358429,0.7713358402252197,-0.02550114318728447
104,0.0007471936987712979,4,0.14942479133605957,-0.23187488317489624,0.7711219191551208,-0.03445309400558472
104,0.0006141449557617307,5,0.1485183984041214,-0.23277315497398376,0.7716136574745178,0.02010481245815754
104,0.0006716400384902954,6,0.1475861519575119,-0.23280280828475952,0.7721344828605652,-0.022167785093188286
104,0.000489310419652611,7,0.14687316119670868,-0.23455652594566345,0.7725194096565247,0.010141514241695404
104,0.0006519364542327821,8,0.14773815870285034,-0.23471178114414215,0.7740944027900696,0.004504464566707611
105,0.0003898912691511214,1,0.15669852495193481,-0.23239263892173767,0.7712976336479187,-0.005129098426550627
105,0.0004799974267370999,2,0.15506970882415771,-0.23371216654777527,0.7711561918258667,-0.011420528404414654
105,0.00022114906460046768,3,0.1537066549062729,-0.23634310066699982,0.7714869976043701,-0.013746549375355244
105,0.0003789974143728614,4,0.1533106118440628,-0.2358858585357666,0.7713044881820679,-0.017690755426883698
105,0.0004844734794460237,5,0.15268412232398987,-0.2361692488193512,0.7714118957519531,-0.01656041294336319
105,0.0008343060035258532,6,0.1522224396467209,-0.2356850653886795,0.7718333005905151,-0.02609064057469368
105,0.0012883265735581517,7,0.15162336826324463,-0.2356182038784027,0.7729239463806152,-0.0058411648496985435
105,0.0010491051943972707,8,0.15105175971984863,-0.23740872740745544,0.7738069295883179,-0.0008863255497999489
106,0.0003608257684390992,1,0.15388275682926178,-0.23052360117435455,0.7717410326004028,-0.004781234543770552
106,0.0003290021268185228,2,0.15289443731307983,-0.23178336024284363,0.7718074321746826,-0.007974573411047459
106,0.00030054699163883924,3,0.15232908725738525,-0.23257511854171753,0.7719818949699402,-0.009766658768057823
106,0.00026869922294281423,4,0.1520666480064392,-0.23307931423187256,0.772200345993042,-0.020388338714838028
106,0.0002631477254908532,5,0.15165495872497559,-0.23337525129318237,0.7723224759101868,-0.01197395846247673
106,0.00025762221775949,6,0.15128237009048462,-0.23364757001399994,0.7723528742790222,-0.020615465939044952
106,0.0002290908741997555,7,0.15091866254806519,-0.23406898975372314,0.772482693195343,-0.02060576155781746
106,0.00025126701802946627,8,0.1507914662361145,-0.23379704356193542,0.7721282839775085,-0.015762468799948692
107,0.0014387167757377028,1,0.1589321345090866,-0.22945040464401245,0.771792471408844,-0.0020279784221202135
107,0.0013411599211394787,2,0.15817497670650482,-0.230629563331604,0.7715885043144226,-0.007025784347206354
107,0.0009026401676237583,3,0.15743905305862427,-0.23222751915454865,0.7715578675270081,-0.007324154023081064
107,0.0006030503427609801,4,0.15694503486156464,-0.233518585562706,0.771680474281311,-0.009831744246184826
107,0.0005278500611893833,5,0.15640920400619507,-0.23405306041240692,0.7716665267944336,-0.01562972366809845
107,0.00037594750756397843,6,0.1562262326478958,-0.2351391315460205,0.7718638181686401,-0.023245925083756447
107,0.00038813494029454887,7,0.155573308467865,-0.2354520857334137,0.7717797160148621,-0.01430533453822136
107,0.0004360819875728339,8,0.1548030823469162,-0.23559843003749847,0.7715612053871155,-0.019032830372452736
108,0.0024794340133666992,1,0.15273720026016235,-0.23483765125274658,0.7709928154945374,-0.0033466690219938755
108,0.0019101076759397984,2,0.15177994966506958,-0.23605704307556152,0.7706884741783142,-0.014830948784947395
108,0.001577001647092402,3,0.15076300501823425,-0.23678532242774963,0.7707362174987793,-0.009362177923321724
108,0.0014354883460327983,4,0.14976593852043152,-0.23723027110099792,0.77071213722229,-0.013324643485248089
108,0.0011601581936702132,5,0.14891484379768372,-0.23808713257312775,0.7707793116569519,-0.01803809404373169
108,0.0009377375245094299,6,0.1483231633901596,-0.2389908730983734,0.7709174156188965,-0.019592678174376488
108,0.0013799209846183658,7,0.14774444699287415,-0.23816822469234467,0.7706598043441772,-0.020561816170811653
108,0.0009412608342245221,8,0.14706192910671234,-0.2394295334815979,0.7708590030670166,-0.014667371287941933
109,0.002468569902703166,1,0.15397998690605164,-0.22834034264087677,0.7727044224739075,-0.008020314387977123
109,0.00303134648129344,2,0.15292371809482574,-0.22911052405834198,0.773110568523407,-0.011225469410419464
109,0.0033954440150409937,3,0.1517845094203949,-0.22992293536663055,0.7735721468925476,-0.012147124856710434
109,0.0034421563614159822,4,0.15055692195892334,-0.23074425756931305,0.7738705277442932,-0.012818774208426476
109,0.0036991776432842016,5,0.14948555827140808,-0.23139847815036774,0.7743505239486694,-0.01183385495096445
109,0.0052184173837304115,6,0.14906397461891174,-0.23153001070022583,0.7760137319564819,-0.015056598000228405
109,0.003962392453104258,7,0.14764447510242462,-0.23266637325286865,0.7760149836540222,-0.008238931186497211
109,0.0029507745057344437,8,0.1468796581029892,-0.2340228110551834,0.7760317325592041,-0.010822155512869358
110,0.04594211280345917,1,0.15126003324985504,-0.2328985035419464,0.7804694175720215,-0.012806148268282413
110,0.04936840757727623,2,0.14988523721694946,-0.23325912654399872,0.7818863987922668,-0.007666814140975475
110,0.04509259760379791,3,0.14841853082180023,-0.23366421461105347,0.7826029062271118,-0.012477345764636993
110,0.04481412097811699,4,0.1467738002538681,-0.2338259071111679,0.7841702699661255,-0.006142607890069485
110,0.029515719041228294,5,0.14428287744522095,-0.23510344326496124,0.7831715941429138,-0.005164586938917637
110,0.02573629468679428,6,0.14259694516658783,-0.23593784868717194,0.7833713889122009,-0.018905751407146454
110,0.038184840232133865,7,0.14251726865768433,-0.23561009764671326,0.7869881391525269,-0.018515869975090027
110,0.08804880827665329,8,0.14327865839004517,-0.23389235138893127,0.7953924536705017,-0.015046908520162106
112,0.5678200125694275,1,0.16625969111919403,-0.2256373167037964,0.8067805767059326,-0.027106821537017822
112,0.5074973106384277,2,0.16468966007232666,-0.2268722802400589,0.8107144832611084,-0.02315945364534855
112,0.3700498342514038,3,0.1625707745552063,-0.2281929850578308,0.8107498288154602,-1.6942002773284912
112,0.220424085855484,4,0.16012787818908691,-0.2296912968158722,0.8074588775634766,0.003389128716662526
112,0.09860876202583313,5,0.1580888330936432,-0.23127424716949463,0.8008020520210266,-0.00612342543900013
112,0.04858987778425217,6,0.15654835104942322,-0.23240923881530762,0.7950660586357117,-0.028423739597201347
112,0.06132637336850166,7,0.15603549778461456,-0.23208492994308472,0.7964924573898315,-0.024430247023701668
112,0.05380057916045189,8,0.15438568592071533,-0.2326614111661911,0.7972019910812378,-0.026864396408200264
113,0.20897911489009857,1,0.16045217216014862,-0.23185288906097412,0.7983424067497253,-0.012859850190579891
113,0.295700341463089,2,0.1604035198688507,-0.2325669229030609,0.8040789365768433,-0.012631066143512726
113,0.2891734540462494,3,0.15912513434886932,-0.23376667499542236,0.8071038126945496,-0.009488899260759354
113,0.2645036578178406,4,0.1571667194366455,-0.2354796826839447,0.8098217844963074,-0.020576348528265953
113,0.3985694348812103,5,0.1569875329732895,-0.23508505523204803,0.8172298669815063,-0.024301741272211075
113,0.4145246148109436,6,0.1555940955877304,-0.2360984981060028,0.823299765586853,-0.024530082941055298
113,0.5825914740562439,7,0.15549907088279724,-0.23525570333003998,0.8338991403579712,0.65228271484375
113,0.5688325762748718,8,0.15444624423980713,-0.23660962283611298,0.840583324432373,-0.022296682000160217
114,0.5789703726768494,1,0.16096654534339905,-0.23245632648468018,0.8169065713882446,-0.02579207345843315
114,0.4455273449420929,2,0.15816575288772583,-0.23429395258426666,0.8164287209510803,-1.696452260017395
114,0.24876250326633453,3,0.1552264392375946,-0.23659519851207733,0.8118156790733337,0.002745565725490451
114,0.15684913098812103,4,0.1530771255493164,-0.2376967817544937,0.8084705471992493,-0.0034494625870138407
114,0.11020123958587646,5,0.15090331435203552,-0.23869508504867554,0.806581974029541,-0.01220446452498436
114,0.05427543446421623,6,0.1482134610414505,-0.24065735936164856,0.8013604283332825,-0.023361550644040108
114,0.02828066796064377,7,0.1463218480348587,-0.24268542230129242,0.7974965572357178,-0.026813486590981483
114,0.01692885160446167,8,0.14472652971744537,-0.24344724416732788,0.7928655743598938,-0.019510166719555855
115,0.044162895530462265,1,0.1543627232313156,-0.24097317457199097,0.7955043315887451,-0.012759252451360226
115,0.021096043288707733,2,0.1515333503484726,-0.24231423437595367,0.793756902217865,-0.020754769444465637
115,0.006342866457998753,3,0.14878199994564056,-0.24403667449951172,0.7873823046684265,-0.03326037526130676
115,0.0036978283897042274,4,0.14740604162216187,-0.24456603825092316,0.7848533987998962,-0.03166663274168968
115,0.001294285524636507,5,0.14663797616958618,-0.24559451639652252,0.7791692018508911,-0.038263317197561264
115,0.0006192880682647228,6,0.14689163863658905,-0.2459874004125595,0.7755798101425171,-0.031010976061224937
115,0.0005956585519015789,7,0.14690110087394714,-0.24546699225902557,0.774539053440094,-0.015566100366413593
115,0.0008415257907472551,8,0.1465122401714325,-0.2448401302099228,0.7752079367637634,-0.010634218342602253
116,0.13087113201618195,1,0.15802361071109772,-0.23486727476119995,0.8031238913536072,-0.009417222812771797
116,0.13759183883666992,2,0.15601249039173126,-0.23488977551460266,0.8073313236236572,-0.017352789640426636
116,0.07343075424432755,3,0.15279671549797058,-0.23665311932563782,0.8044785857200623,-0.02195941098034382
116,0.05064418539404869,4,0.1504582017660141,-0.23768356442451477,0.801793098449707,-0.030093519017100334
116,0.09388334304094315,5,0.14955897629261017,-0.2372657060623169,0.806458592414856,-0.036333221942186356
116,0.29604607820510864,6,0.15180747210979462,-0.23491297662258148,0.8223399519920349,-0.010839578695595264
116,0.5241906046867371,7,0.15314175188541412,-0.23251168429851532,0.8374893665313721,0.675844132900238
116,0.5603406429290771,8,0.15220923721790314,-0.232497900724411,0.8456532955169678,-0.026435714215040207
117,0.04366284981369972,1,0.16524171829223633,-0.24594414234161377,0.7948101162910461,-0.013671868480741978
117,0.03184732049703598,2,0.1630118191242218,-0.24746781587600708,0.7945062518119812,-0.012184836901724339
117,0.026667632162570953,3,0.16124460101127625,-0.24855326116085052,0.7942599654197693,-0.013175752945244312
117,0.059510260820388794,4,0.16104309260845184,-0.247434601187706,0.8006373047828674,-0.03120376728475094
117,0.23697529733181,5,0.16384302079677582,-0.24405336380004883,0.8198356628417969,-0.0076241823844611645
117,0.5318836569786072,6,0.165552020072937,-0.24025559425354004,0.8397974371910095,0.6566811800003052
117,0.6486507654190063,7,0.16500873863697052,-0.2392406463623047,0.8526307344436646,-0.02591145969927311
117,0.7546992897987366,8,0.16470474004745483,-0.23832592368125916,0.8632951974868774,-0.025978898629546165
118,0.060336291790008545,1,0.1580319106578827,-0.24660205841064453,0.8022528290748596,-0.024006150662899017
118,0.13262905180454254,2,0.15676811337471008,-0.24461279809474945,0.8141948580741882,-0.033953022211790085
118,0.4046030640602112,3,0.15778589248657227,-0.2400517761707306,0.8323041796684265,-0.009631332941353321
118,0.38292837142944336,4,0.1560235619544983,-0.24111418426036835,0.8389843702316284,-0.017591284587979317
118,0.5717620253562927,5,0.15698640048503876,-0.23952817916870117,0.8513907790184021,0.6709921956062317
118,0.6235625743865967,6,0.15658164024353027,-0.2396160364151001,0.8580129742622375,-0.022130664438009262
118,0.6467858552932739,7,0.1566898673772812,-0.2401815503835678,0.8632550239562988,-0.024299101904034615
118,0.8341380953788757,8,0.15739227831363678,-0.23679515719413757,0.8749818205833435,-0.02538551203906536
119,0.3692161738872528,1,0.16695980727672577,-0.24042975902557373,0.8222218155860901,-0.028780439868569374
119,0.5924340486526489,2,0.1659463793039322,-0.2383223921060562,0.8356244564056396,0.6840347647666931
119,0.5200737118721008,3,0.16429787874221802,-0.2410997748374939,0.841445803642273,-0.022946326062083244
119,0.5389989018440247,4,0.1632048636674881,-0.242165207862854,0.8458119630813599,-0.021845588460564613
119,0.7851377725601196,5,0.16455140709877014,-0.23867253959178925,0.8606551885604858,-0.02353713847696781
119,0.7781131267547607,6,0.16381007432937622,-0.2397685945034027,0.8665591478347778,-0.023522228002548218
119,0.6504613161087036,7,0.16129441559314728,-0.2434847503900528,0.863457441329956,-0.02313375286757946
119,0.8285182118415833,8,0.1625736504793167,-0.24006393551826477,0.8751229047775269,-0.02306967042386532
120,0.9139460325241089,1,0.16544099152088165,-0.23656326532363892,0.8416900634765625,-0.022018734365701675
120,0.914067804813385,2,0.16368219256401062,-0.2360095977783203,0.8496925234794617,-0.021511361002922058
120,0.9109476208686829,3,0.16187851130962372,-0.23610632121562958,0.8564871549606323,-0.02170456573367119
120,0.8777590394020081,4,0.16000190377235413,-0.23799555003643036,0.8600472807884216,-0.02229500748217106
120,0.88840651512146,5,0.16000878810882568,-0.23846474289894104,0.8671935796737671,-0.022957460954785347
120,0.9044089913368225,6,0.15888828039169312,-0.2381683588027954,0.8720757365226746,-0.02200975827872753
120,0.8886722922325134,7,0.15840286016464233,-0.2394440919160843,0.8754915595054626,-0.023509496822953224
120,0.8490504026412964,8,0.15710888803005219,-0.24188478291034698,0.8754772543907166,-0.02282489463686943
121,0.014692873694002628,1,0.15799090266227722,-0.25963690876960754,0.7981504201889038,-0.02300422079861164
121,0.005865952931344509,2,0.15433652698993683,-0.26092422008514404,0.7918411493301392,-0.004823708441108465
121,0.0057298229075968266,3,0.15342196822166443,-0.25977620482444763,0.7913302183151245,-0.004021583124995232
121,0.010234362445771694,4,0.1538635790348053,-0.25992080569267273,0.7968637943267822,-0.026264412328600883
121,0.0031784202437847853,5,0.1515970528125763,-0.26075947284698486,0.7881260514259338,-0.00028051919071003795
121,0.0025261621922254562,6,0.15112647414207458,-0.25990188121795654,0.7857094407081604,0.0013566655106842518
121,0.004700613673776388,7,0.1514224410057068,-0.2605287432670593,0.7904492020606995,-0.02035892754793167
121,0.0012600625632330775,8,0.14993272721767426,-0.2614611089229584,0.7817171812057495,-0.004360034596174955
122,0.001467882189899683,1,0.1512475460767746,-0.2663764953613281,0.7798627018928528,0.008693554438650608
122,0.0013378194998949766,2,0.14998362958431244,-0.26553961634635925,0.7799602746963501,-0.0031821613665670156
122,0.0028742412105202675,3,0.1497868001461029,-0.2639605700969696,0.7846797704696655,-0.007077442016452551
122,0.001715722493827343,4,0.1483789086341858,-0.26421239972114563,0.7823622822761536,-0.0043447320349514484
122,0.000977206975221634,5,0.14746320247650146,-0.26479607820510864,0.7792757749557495,-0.002677822718396783
122,0.002186647616326809,6,0.14756309986114502,-0.2634146809577942,0.782905101776123,-0.0012283874675631523
122,0.0011723913485184312,7,0.14686565101146698,-0.26364749670028687,0.7796558141708374,-0.008404734544456005
122,0.0018045178148895502,8,0.14685502648353577,-0.2613060474395752,0.7812427878379822,-0.008053424768149853
123,0.002406647428870201,1,0.15281248092651367,-0.2607089579105377,0.782966673374176,0.002237119944766164
123,0.0018118065781891346,2,0.1516149342060089,-0.2601567804813385,0.7809407114982605,-0.010039559565484524
123,0.0012954898411408067,3,0.15087176859378815,-0.2594827115535736,0.7785318493843079,0.0016371977981179953
123,0.0008511068299412727,4,0.15060247480869293,-0.2589879333972931,0.7760170102119446,0.003561832709237933
123,0.0015852910000830889,5,0.15078353881835938,-0.257426917552948,0.7772662043571472,-0.0014732552226632833
123,0.0007738478598184884,6,0.15058398246765137,-0.25757086277008057,0.7751316428184509,-0.010326030664145947
123,0.0005174130201339722,7,0.15042075514793396,-0.25694915652275085,0.7739673852920532,-0.01264367438852787
123,0.0005188899813219905,8,0.15064135193824768,-0.25564759969711304,0.7741855382919312,-0.020101340487599373
124,0.01505796704441309,1,0.16198375821113586,-0.26117777824401855,0.7899413108825684,-0.006130402907729149
124,0.024562107399106026,2,0.16124281287193298,-0.25905388593673706,0.7947377562522888,-0.006956580560654402
124,0.0133444769307971,3,0.15928687155246735,-0.2589968740940094,0.7916269302368164,-0.0014022355899214745
124,0.01240560319274664,4,0.15936024487018585,-0.25949302315711975,0.7926264405250549,-0.018815137445926666
124,0.0050333403050899506,5,0.1582799255847931,-0.26001256704330444,0.7875314950942993,-0.001410335418768227
124,0.0020045090932399035,6,0.15722480416297913,-0.261053204536438,0.7821330428123474,-0.007718493230640888
124,0.0019150276202708483,7,0.1575058251619339,-0.25999462604522705,0.7813558578491211,0.0019300432177260518
124,0.002063700696453452,8,0.15781670808792114,-0.2584051787853241,0.7822650671005249,-0.010895139537751675
125,0.06949237734079361,1,0.16086308658123016,-0.2583085596561432,0.810070276260376,-0.009318731725215912
125,0.039845552295446396,2,0.15929876267910004,-0.25847649574279785,0.8050799369812012,-0.013421406038105488
125,0.03930390998721123,3,0.1590084284543991,-0.2577733099460602,0.8045390844345093,-0.010752727277576923
125,0.018160367384552956,4,0.1574818640947342,-0.2587626278400421,0.7982575297355652,-0.0059453705325722694
125,0.008219156414270401,5,0.1564978063106537,-0.2599802017211914,0.7923672795295715,-0.009219018742442131
125,0.004582560621201992,6,0.155721515417099,-0.260367214679718,0.7876925468444824,-0.008136367425322533
125,0.0075223734602332115,7,0.15653789043426514,-0.25981220602989197,0.7905531525611877,-0.020932026207447052
125,0.004268994554877281,8,0.15560376644134521,-0.2595926523208618,0.7868556976318359,-0.012346524745225906
126,0.021980561316013336,1,0.15953853726387024,-0.261199414730072,0.7923859357833862,-0.0012963175540789962
126,0.03616582974791527,2,0.15874625742435455,-0.25921013951301575,0.7960264086723328,0.003559317672625184
126,0.014778580516576767,3,0.1567087173461914,-0.26059651374816895,0.7913601994514465,-0.012121357023715973
126,0.005450567230582237,4,0.15491026639938354,-0.26152586936950684,0.7853406667709351,0.0022987457923591137
126,0.0013786394847556949,5,0.15413406491279602,-0.26355698704719543,0.7786169052124023,-0.016760416328907013
126,0.002002584980800748,6,0.15485092997550964,-0.2632996439933777,0.7795674204826355,-0.016946885734796524
126,0.00096655118977651,7,0.15453682839870453,-0.26381054520606995,0.7763311862945557,-0.003547227941453457
126,0.0011291406117379665,8,0.1545969694852829,-0.26205211877822876,0.7763864398002625,-0.0118159344419837
127,0.0013131783343851566,1,0.15672257542610168,-0.27260851860046387,0.7819968461990356,-0.0006058631697669625
127,0.0010166788706555963,2,0.15501809120178223,-0.27105405926704407,0.7803068161010742,-0.031013600528240204
127,0.0009801678825169802,3,0.15313707292079926,-0.26887884736061096,0.77901691198349,0.012469656765460968
127,0.0007672628271393478,4,0.15175709128379822,-0.26777857542037964,0.7774205803871155,0.00903757568448782
127,0.0004269682976882905,5,0.1512259989976883,-0.2682859003543854,0.7753583788871765,-0.020514128729701042
127,0.00034733337815850973,6,0.15076187252998352,-0.26750442385673523,0.7740300297737122,0.018706535920500755
127,0.00031299874535761774,7,0.15060871839523315,-0.2668788731098175,0.7733305096626282,0.007253942545503378
127,0.00030813412740826607,8,0.15058964490890503,-0.2659129500389099,0.7732436656951904,-0.010006958618760109
128,0.025997601449489594,1,0.15490324795246124,-0.2675797939300537,0.7884620428085327,-0.03993336856365204
128,0.014301104471087456,2,0.1533927023410797,-0.26763418316841125,0.7864821553230286,-0.03291310369968414
128,0.006868264637887478,3,0.15201620757579803,-0.2680842876434326,0.7827619314193726,-0.018496960401535034
128,0.008966993540525436,4,0.15188145637512207,-0.2668786644935608,0.783502995967865,-0.0014211280504241586
128,0.0027085451874881983,5,0.1504906415939331,-0.2681111991405487,0.7782198786735535,0.0005758458864875138
128,0.0015144266653805971,6,0.15004652738571167,-0.26792025566101074,0.775524914264679,0.01547475066035986
128,0.0011565187014639378,7,0.1503167599439621,-0.26740777492523193,0.7751814723014832,-0.009931451641023159
128,0.0018778532976284623,8,0.14997446537017822,-0.26415354013442993,0.7772032022476196,0.0035740367602556944
129,0.015107992105185986,1,0.16319650411605835,-0.2671758532524109,0.7977591156959534,0.017285605892539024
129,0.021716445684432983,2,0.1610880047082901,-0.2642040252685547,0.7992908954620361,0.01536010392010212
129,0.06166010722517967,3,0.1606331616640091,-0.2604963183403015,0.8063866496086121,-0.016644813120365143
129,0.13513952493667603,4,0.16042141616344452,-0.2578718662261963,0.8134189248085022,-0.03437015786767006
129,0.3586304783821106,5,0.1600971817970276,-0.25384294986724854,0.8232500553131104,-0.03695112466812134
129,0.37330248951911926,6,0.15749412775039673,-0.2533953785896301,0.8252953290939331,-0.002426623599603772
129,0.46226635575294495,7,0.15778659284114838,-0.2527942955493927,0.8337321877479553,-0.016767585650086403
129,0.5676140189170837,8,0.15749487280845642,-0.25143760442733765,0.8424952626228333,0.6196075081825256
130,0.15420402586460114,1,0.164968341588974,-0.2585122883319855,0.805992841720581,0.0083305137231946
130,0.13918666541576385,2,0.1630810797214508,-0.2581236958503723,0.81308913230896,-0.029419003054499626
130,0.10265500098466873,3,0.16172173619270325,-0.2590201795101166,0.8175440430641174,-0.04088287428021431
130,0.042716436088085175,4,0.15910577774047852,-0.2611548900604248,0.8124136924743652,-0.0333428792655468
130,0.022304780781269073,5,0.15760205686092377,-0.261685311794281,0.8063944578170776,-0.0144678745418787
130,0.0019196576904505491,6,0.15532173216342926,-0.26539918780326843,0.788147509098053,-0.036238864064216614
130,0.002247953088954091,7,0.15571357309818268,-0.26491135358810425,0.7870631814002991,0.005181376822292805
130,0.001119274296797812,8,0.15506631135940552,-0.2639126777648926,0.7813901901245117,0.003935488872230053
131,0.44215500354766846,1,0.16802215576171875,-0.25846174359321594,0.8153014779090881,-0.028719954192638397
131,0.3864571154117584,2,0.16632364690303802,-0.25919368863105774,0.8199759125709534,-0.03761512413620949
131,0.37807294726371765,3,0.16459178924560547,-0.2585729956626892,0.8221888542175293,-0.01955534890294075
131,0.3103570342063904,4,0.16307324171066284,-0.2592461407184601,0.8235495090484619,-0.028853241354227066
131,0.2283450961112976,5,0.16139167547225952,-0.2600254714488983,0.8234856128692627,-0.028596146032214165
131,0.11429981887340546,6,0.15969203412532806,-0.2611774802207947,0.8204723596572876,-0.0433783121407032
131,0.08933214098215103,7,0.15926013886928558,-0.2629396319389343,0.823120653629303,-0.03254322335124016
131,0.16454443335533142,8,0.1594213992357254,-0.26055723428726196,0.8319171071052551,-0.0061423867009580135
132,0.36020326614379883,1,0.15787988901138306,-0.2562710642814636,0.8177110552787781,-0.017040615901350975
132,0.14198698103427887,2,0.15445280075073242,-0.2567274868488312,0.8104225397109985,-0.04545459896326065
132,0.08809691667556763,3,0.15230607986450195,-0.25640633702278137,0.8073702454566956,-0.02324315346777439
132,0.008400822058320045,4,0.14891374111175537,-0.2615226209163666,0.7921543121337891,-0.04598550498485565
132,0.001666138879954815,5,0.14829227328300476,-0.26363828778266907,0.7829271554946899,-0.03146389126777649
132,0.0006388497422449291,6,0.14814548194408417,-0.2638750374317169,0.7774350643157959,0.0032284343615174294
132,0.0005648351507261395,7,0.1484149545431137,-0.26315784454345703,0.775714099407196,0.00944593083113432
132,0.0005464946734718978,8,0.1486234962940216,-0.2627979815006256,0.7753740549087524,-0.009891001507639885
133,0.06774528324604034,1,0.15718963742256165,-0.26227226853370667,0.8074918389320374,-0.03955995664000511
133,0.048895228654146194,2,0.1559143364429474,-0.2611742317676544,0.8068949580192566,-0.03304331749677658
133,0.008411860093474388,3,0.15292271971702576,-0.26377278566360474,0.7959209084510803,-0.0423596128821373
133,0.002504106145352125,4,0.15124917030334473,-0.263893187046051,0.7873160243034363,-0.018197637051343918
133,0.0005875670467503369,5,0.15076982975006104,-0.2641887366771698,0.7788159251213074,-0.015036341734230518
133,0.00035769896931014955,6,0.15121245384216309,-0.26351049542427063,0.776172935962677,0.0037131307180970907
133,0.00021584525529760867,7,0.15150946378707886,-0.26328015327453613,0.7740579843521118,0.003905319608747959
133,0.00024096107517834753,8,0.15167364478111267,-0.2618075907230377,0.7737735509872437,0.007839933037757874
134,0.013200814835727215,1,0.14886856079101562,-0.262833833694458,0.7919684648513794,-0.017515523359179497
134,0.00676691671833396,2,0.14750146865844727,-0.26190468668937683,0.7871049642562866,-0.0018450733041390777
134,0.003486421424895525,3,0.14676505327224731,-0.2613442540168762,0.7825430631637573,-0.0070740832015872
134,0.001540090423077345,4,0.14611978828907013,-0.26119154691696167,0.7786988615989685,-0.00016345411131624132
134,0.0006174669251777232,5,0.14633071422576904,-0.26163432002067566,0.775039553642273,0.001306453486904502
134,0.000486900593386963,6,0.1468421071767807,-0.26085296273231506,0.773892879486084,0.014938093721866608
134,0.000339185178745538,7,0.14736630022525787,-0.26039159297943115,0.7728331685066223,0.01567670702934265
134,0.00033086040639318526,8,0.14779676496982574,-0.25928694009780884,0.7724488377571106,0.014143579639494419
135,0.0012012944789603353,1,0.1536707580089569,-0.26749587059020996,0.7822390794754028,-0.00402731541544199
135,0.0008975082309916615,2,0.15229962766170502,-0.26615554094314575,0.7805263996124268,-0.01058989018201828
135,0.000600657775066793,3,0.15134447813034058,-0.2653569281101227,0.7787608504295349,-0.004502511117607355
135,0.0002961397112812847,4,0.15097104012966156,-0.26548105478286743,0.7756531238555908,-0.0039018853567540646
135,0.00023219238210003823,5,0.1511034369468689,-0.2646620571613312,0.7743654847145081,0.016451820731163025
135,0.00015962094767019153,6,0.1515771746635437,-0.26406392455101013,0.7729394435882568,0.01685873232781887
135,0.00015246652765199542,7,0.15200965106487274,-0.2628183960914612,0.7724207043647766,0.02283170446753502
135,0.00014470898895524442,8,0.15222710371017456,-0.2617861330509186,0.7721472382545471,0.009430933743715286
136,0.005657273344695568,1,0.15670329332351685,-0.2670472264289856,0.7893176078796387,-0.03448790684342384
136,0.00985158234834671,2,0.1562853306531906,-0.26468122005462646,0.7917693257331848,-0.005464622285217047
136,0.007825116626918316,3,0.15573333203792572,-0.2653648853302002,0.7912906408309937,-0.05121741071343422
136,0.002671717433258891,4,0.15356460213661194,-0.26570698618888855,0.7855492234230042,-0.006102224346250296
136,0.0009969224920496345,5,0.1522047519683838,-0.2668296694755554,0.780148983001709,-0.0052484069019556046
136,0.0028373149689286947,6,0.15201713144779205,-0.26434004306793213,0.7839628458023071,0.01742587238550186
136,0.00099710444919765,7,0.15100035071372986,-0.26573559641838074,0.7792150378227234,-0.02795623615384102
136,0.0006708381115458906,8,0.15040600299835205,-0.2642989754676819,0.7769691348075867,0.01784105971455574
137,0.005615612026304007,1,0.158850759267807,-0.2671566307544708,0.7932044863700867,-0.005480865016579628
137,0.009407722391188145,2,0.1577787697315216,-0.2652997076511383,0.795944094657898,-0.007251161150634289
137,0.006945038214325905,3,0.15612131357192993,-0.26454034447669983,0.7943410873413086,-0.019847258925437927
137,0.003461959073320031,4,0.15333256125450134,-0.26450055837631226,0.7892988324165344,0.01388766523450613
137,0.001500533428043127,5,0.15163636207580566,-0.26515811681747437,0.7835017442703247,-0.0013248594477772713
137,0.0012368301395326853,6,0.1509060561656952,-0.2644440531730652,0.7810878157615662,0.010064351372420788
137,0.004739152733236551,7,0.15142671763896942,-0.2624674141407013,0.7875500321388245,0.00786714069545269
137,0.004369076807051897,8,0.15006068348884583,-0.26090991497039795,0.7873247265815735,-0.015236489474773407
138,0.006892616860568523,1,0.15326303243637085,-0.26618295907974243,0.7899224162101746,-0.029922612011432648
138,0.017996972426772118,2,0.15273761749267578,-0.2616782486438751,0.7934557795524597,0.000899817212484777
138,0.01129144337028265,3,0.15045219659805298,-0.260876327753067,0.7892385721206665,-0.002553401980549097
138,0.0038327747024595737,4,0.1488388478755951,-0.26237741112709045,0.7831717729568481,-0.04355257749557495
138,0.0013732047518715262,5,0.14806891977787018,-0.26284292340278625,0.7780728340148926,-0.007326114922761917
138,0.0008347589173354208,6,0.14819683134555817,-0.26284611225128174,0.7761786580085754,-0.011713585816323757
138,0.0009300178498961031,7,0.14772063493728638,-0.26120463013648987,0.775938868522644,0.020520368590950966
138,0.0026076361536979675,8,0.14696703851222992,-0.2593408524990082,0.7787100076675415,-0.0008204205078072846
139,0.001803310588002205,1,0.15707947313785553,-0.2673473656177521,0.7841588258743286,0.010887449607253075
139,0.00171747209969908,2,0.15692250430583954,-0.2639654576778412,0.7801502346992493,0.013128233142197132
139,0.0012991626281291246,3,0.15703746676445007,-0.2615222632884979,0.7760138511657715,0.0073754750192165375
139,0.002347595291212201,4,0.15722712874412537,-0.25906360149383545,0.7755836844444275,0.0052415477111935616
139,0.0021008963230997324,5,0.15669876337051392,-0.2567717134952545,0.773277759552002,0.01717965491116047
139,0.0011437638895586133,6,0.15624447166919708,-0.2566618025302887,0.7719206809997559,-0.014062338508665562
139,0.002547136042267084,7,0.15552403032779694,-0.25473248958587646,0.7725151181221008,-0.003619088791310787
139,0.0011739759938791394,8,0.15443569421768188,-0.2548055648803711,0.7716280817985535,-0.013053293339908123
140,0.0035540233366191387,1,0.15202873945236206,-0.25754573941230774,0.7764630317687988,-0.04974566400051117
140,0.0017290505347773433,2,0.15201181173324585,-0.2570589780807495,0.7737905383110046,-0.037237200886011124
140,0.0019369528163224459,3,0.15163886547088623,-0.25516030192375183,0.7729739546775818,-0.0030669455882161856
140,0.0008827030542306602,4,0.15122316777706146,-0.2562934160232544,0.7718236446380615,-0.019338926300406456
140,0.0008293267455883324,5,0.15088164806365967,-0.25495120882987976,0.7713074088096619,0.019244179129600525
140,0.0005101597052998841,6,0.15072175860404968,-0.2548079490661621,0.7709743976593018,-0.0020123308058828115
140,0.00047166465083137155,7,0.1508772224187851,-0.255523145198822,0.7712863683700562,-0.030141452327370644
140,0.0003083777555730194,8,0.15102744102478027,-0.25552600622177124,0.7713532447814941,0.007460077293217182
141,0.0014499796088784933,1,0.15122142434120178,-0.2538849115371704,0.7783085703849792,0.00931713916361332
141,0.0011548217153176665,2,0.15040789544582367,-0.2523762881755829,0.7749904990196228,0.010089898481965065
141,0.00097505166195333,3,0.15025265514850616,-0.25078657269477844,0.772789478302002,0.012870961800217628
141,0.0007587477448396385,4,0.15015694499015808,-0.2501242458820343,0.7717334032058716,-0.006106443703174591
141,0.0006171686109155416,5,0.15013660490512848,-0.24939869344234467,0.7711775898933411,-0.002273960504680872
141,0.00046642369125038385,6,0.14997078478336334,-0.24935133755207062,0.7709624767303467,-0.003804014762863517
141,0.0002969075576402247,7,0.15000931918621063,-0.2495919018983841,0.7710409164428711,-0.004506856668740511
141,0.000647437758743763,8,0.15026907622814178,-0.24827177822589874,0.7711153626441956,-0.013589233160018921
142,0.00391964428126812,1,0.15434664487838745,-0.25938424468040466,0.7775468230247498,-0.03346526622772217
142,0.002252979902550578,2,0.15376512706279755,-0.2588626444339752,0.7744802832603455,-0.02827725186944008
142,0.0009814290096983314,3,0.15347400307655334,-0.2588411271572113,0.7723026275634766,-0.026837311685085297
142,0.00043419256689958274,4,0.1541076898574829,-0.2590501010417938,0.7713850140571594,-0.026884857565164566
142,0.0005673040868714452,5,0.15437652170658112,-0.2579289376735687,0.7712560296058655,-2.0037739886902273e-05
142,0.0003225345571991056,6,0.15442702174186707,-0.25715500116348267,0.7711390852928162,0.022169914096593857
142,0.0002196065615862608,7,0.15455935895442963,-0.25653961300849915,0.7713897824287415,0.013515930622816086
142,0.00022457775776274502,8,0.15426304936408997,-0.25548315048217773,0.7714722156524658,0.021014099940657616
143,0.00045275091542862356,1,0.14699521660804749,-0.2627744674682617,0.7755246758460999,-0.006247845012694597
143,0.0004095409531146288,2,0.1471009999513626,-0.2630388140678406,0.7742817401885986,-0.014253446832299232
143,0.00045545134344138205,3,0.14712342619895935,-0.2620459794998169,0.7733632922172546,-0.0019043412758037448
143,0.0003407317853998393,4,0.147037073969841,-0.261971652507782,0.7722159028053284,-0.003256832715123892
143,0.00022014262503944337,5,0.14735466241836548,-0.26167500019073486,0.771432101726532,0.00034875012352131307
143,0.0001725814217934385,6,0.14767687022686005,-0.2612095773220062,0.7712286710739136,-0.002462850185111165
143,0.0001386022922815755,7,0.14779797196388245,-0.2608812153339386,0.7712453603744507,-0.008604147471487522
143,0.00013571993622463197,8,0.14775392413139343,-0.26022154092788696,0.7713321447372437,-0.008354293182492256
144,0.0003300841199234128,1,0.1485581248998642,-0.27465933561325073,0.7740460634231567,-0.022232763469219208
144,0.0004165941500104964,2,0.14826427400112152,-0.273309588432312,0.7730631828308105,-0.01399957574903965
144,0.00043087854282930493,3,0.14808061718940735,-0.27232813835144043,0.77189040184021,-0.006003992166370153
144,0.0005451999604701996,4,0.14765983819961548,-0.27108079195022583,0.7715674042701721,-0.006868712604045868
144,0.0003444020985625684,5,0.1478261649608612,-0.2708376944065094,0.7709389925003052,-0.00981296505779028
144,0.00023462141689378768,6,0.14822816848754883,-0.2702682912349701,0.7709311842918396,-0.006025777198374271
144,0.00029571569757536054,7,0.14815039932727814,-0.2695975601673126,0.7709871530532837,-0.009404217824339867
144,0.0001778286969056353,8,0.1481226235628128,-0.2695138156414032,0.7712416052818298,-0.004829645622521639
145,0.00013568798021879047,1,0.1543159782886505,-0.26601964235305786,0.7729073166847229,-0.003672591643407941
145,0.00020544679136946797,2,0.15427175164222717,-0.26484060287475586,0.7726118564605713,-0.0010596313513815403
145,0.00017556971579324454,3,0.1538962572813034,-0.26526913046836853,0.7719408273696899,-0.014057876542210579
145,0.0001741946762194857,4,0.15356610715389252,-0.26496127247810364,0.7716289758682251,-0.021244367584586143
145,0.00038330533425323665,5,0.1533466875553131,-0.26325085759162903,0.7724049091339111,-0.019893843680620193
145,0.00029953522607684135,6,0.15330439805984497,-0.2645723819732666,0.7727969884872437,-0.008698093704879284
145,0.0008801684016361833,7,0.15305927395820618,-0.2622949182987213,0.775414764881134,-0.02476532757282257
145,0.003495197743177414,8,0.15338562428951263,-0.260204017162323,0.7816915512084961,-0.025911474600434303
147,0.0004055981698911637,1,0.15097256004810333,-0.26404494047164917,0.7739589214324951,-0.020546965301036835
147,0.0010555076878517866,2,0.15149714052677155,-0.26198089122772217,0.7752695083618164,-0.0025864134076982737
147,0.0006850831559859216,3,0.15010905265808105,-0.26246994733810425,0.7739139795303345,-0.027110248804092407
147,0.0006039459258317947,4,0.15033094584941864,-0.26224634051322937,0.7730468511581421,-0.0019382918253540993
147,0.0006798837566748261,5,0.15053671598434448,-0.2615666687488556,0.7728142142295837,-0.005813829135149717
147,0.0005529994377866387,6,0.15010550618171692,-0.2618727385997772,0.7724542021751404,-0.01420969981700182
147,0.0009440121939405799,7,0.15007594227790833,-0.2607128918170929,0.7735528945922852,-0.012237866409122944
147,0.0015614525182172656,8,0.1498824954032898,-0.25992634892463684,0.7766416668891907,-0.01850752718746662
148,0.0008540460257790983,1,0.14601720869541168,-0.26188042759895325,0.774333655834198,-0.0036947964690625668
148,0.0008530940394848585,2,0.14622066915035248,-0.2584957182407379,0.7731072902679443,-0.016497483476996422
148,0.001105974311940372,3,0.14640529453754425,-0.25644451379776,0.7725902199745178,-0.02768285572528839
148,0.0011734029976651073,4,0.1466011255979538,-0.25570568442344666,0.7725723385810852,-0.012473229318857193
148,0.0017241069581359625,5,0.14645080268383026,-0.25417694449424744,0.7732828855514526,-0.01385944802314043
148,0.0012049570214003325,6,0.14569003880023956,-0.25483280420303345,0.7738912105560303,-0.01233968511223793
148,0.0006737958174198866,7,0.14515113830566406,-0.2563013434410095,0.774590015411377,-0.0016812300309538841
148,0.0009422648581676185,8,0.1450594663619995,-0.2558567523956299,0.7768275737762451,-0.014134617522358894
149,0.0007271552458405495,1,0.1514974683523178,-0.2633829414844513,0.774341344833374,-0.04527860879898071
149,0.0007175758946686983,2,0.15118029713630676,-0.26268747448921204,0.7743780612945557,-0.04591165855526924
149,0.0006719944067299366,3,0.15069839358329773,-0.2624736428260803,0.7739851474761963,-0.04189334437251091
149,0.00030973993125371635,4,0.15012811124324799,-0.2636406421661377,0.7727239727973938,-0.043922584503889084
149,0.00032787644886411726,5,0.14964284002780914,-0.2629280388355255,0.7725290060043335,0.004967663902789354
149,0.0002954367082566023,6,0.1494561731815338,-0.2625919282436371,0.772032618522644,0.011195939034223557
149,0.00014778660261072218,7,0.14959482848644257,-0.26257631182670593,0.7714593410491943,0.006151824723929167
149,9.629064879845828e-05,8,0.15006422996520996,-0.2626628279685974,0.7715553641319275,-0.01845143735408783
150,0.0003885964397341013,1,0.15256601572036743,-0.26721906661987305,0.7750526070594788,-0.015263550914824009
150,0.0007751428056508303,2,0.15089808404445648,-0.2641984522342682,0.7756720781326294,-0.007592703681439161
150,0.0008749543922021985,3,0.1493048071861267,-0.263430118560791,0.7754950523376465,-0.019845761358737946
150,0.000496032414957881,4,0.1481579840183258,-0.26463204622268677,0.7740327715873718,-0.020939286798238754
150,0.0004185484431218356,5,0.1479654610157013,-0.26455023884773254,0.7732264399528503,-0.00469342852011323
150,0.0004680125566665083,6,0.14783987402915955,-0.26384177803993225,0.7731469869613647,-0.014777619391679764
150,0.0005315185408107936,7,0.1478319615125656,-0.26370611786842346,0.7740126252174377,-0.017249787226319313
150,0.0011030992027372122,8,0.1471177488565445,-0.26242533326148987,0.7769770622253418,-0.012429807335138321
151,0.0018838959513232112,1,0.1497020125389099,-0.26102492213249207,0.7746790647506714,-0.037316374480724335
151,0.001355838030576706,2,0.1489695906639099,-0.26177898049354553,0.7738839387893677,-0.03413796424865723
151,0.0009720951202325523,3,0.14874936640262604,-0.26223430037498474,0.7732986211776733,-0.034650810062885284
151,0.0006723313708789647,4,0.14860285818576813,-0.2627522647380829,0.7726010084152222,-0.032022248953580856
151,0.00028152685263194144,5,0.14909332990646362,-0.2636038362979889,0.7718645930290222,-0.028786271810531616
151,0.00013846570800524205,6,0.15006425976753235,-0.26383811235427856,0.7716699838638306,-0.02378934808075428
151,8.454013732261956e-05,7,0.15108607709407806,-0.2632234990596771,0.7718633413314819,-0.011726859025657177
151,7.199586980277672e-05,8,0.15148267149925232,-0.261827677488327,0.7720475196838379,0.0064578792080283165
152,0.002711330307647586,1,0.1454377919435501,-0.25468695163726807,0.7766933441162109,-0.027830572798848152
152,0.0026492986362427473,2,0.14475888013839722,-0.2534441649913788,0.7761709690093994,-0.016099289059638977
152,0.0030339916702359915,3,0.14391624927520752,-0.252691388130188,0.7761281728744507,-0.013936962001025677
152,0.0018369945464655757,4,0.14258870482444763,-0.253911554813385,0.7750236392021179,-0.026903249323368073
152,0.00259426049888134,5,0.14234846830368042,-0.2534632980823517,0.7756480574607849,-0.006895897444337606
152,0.0010503362864255905,6,0.1414790004491806,-0.25574806332588196,0.7741507887840271,-0.011062359437346458
152,0.0005796197219751775,7,0.14180739223957062,-0.25678277015686035,0.7732155919075012,-0.01331221591681242
152,0.001161780091933906,8,0.14189451932907104,-0.2547989785671234,0.7740268111228943,-0.00490987952798605
153,0.0003686745185405016,1,0.14807996153831482,-0.25552961230278015,0.7753653526306152,-0.021840449422597885
153,0.00042089284397661686,2,0.14738141000270844,-0.2546480596065521,0.7746439576148987,-0.02208780311048031
153,0.00036139137228019536,3,0.14607524871826172,-0.25470679998397827,0.7739524245262146,-0.03196225315332413
153,0.0005380366346798837,4,0.14521382749080658,-0.25402945280075073,0.774149477481842,-0.013456124812364578
153,0.00033505933242850006,5,0.14414839446544647,-0.2554919421672821,0.7733474969863892,-0.017805568873882294
153,0.00023751861590426415,6,0.14403031766414642,-0.25656336545944214,0.772779643535614,-0.009152674116194248
153,0.0004906223039142787,7,0.14380308985710144,-0.25512558221817017,0.7733845114707947,-0.001126730814576149
153,0.0012213063891977072,8,0.143576979637146,-0.25420844554901123,0.775343656539917,-0.008601970970630646
154,0.00289751379750669,1,0.15052983164787292,-0.2583140730857849,0.775636613368988,-0.029580814763903618
154,0.0011625284096226096,2,0.149169921875,-0.2578042149543762,0.7733604311943054,-0.025408077985048294
154,0.000490562932100147,3,0.14882215857505798,-0.2579442262649536,0.772158682346344,-0.02485387958586216
154,0.0004820860631298274,4,0.1485917717218399,-0.25661540031433105,0.7717547416687012,-0.008783997036516666
154,0.00017323845531791449,5,0.14859482645988464,-0.2571242153644562,0.7718971371650696,-0.01192018948495388
154,0.0001237109099747613,6,0.14853757619857788,-0.25640586018562317,0.772055447101593,-0.0027251364663243294
154,7.121512317098677e-05,7,0.14847898483276367,-0.25664886832237244,0.7724692821502686,-0.007576138246804476
154,0.00011263980559306219,8,0.14831553399562836,-0.25614121556282043,0.7722623348236084,0.00019023779896087945
155,0.00033274287125095725,1,0.1489846557378769,-0.25569239258766174,0.7732639908790588,-0.01167489867657423
155,0.00020511794718913734,2,0.148960679769516,-0.254021018743515,0.7723042368888855,-0.03252164646983147
155,0.00021889913477934897,3,0.14872314035892487,-0.2531401813030243,0.7720814943313599,-0.025631343945860863
155,0.0003441398439463228,4,0.1482262760400772,-0.2518112063407898,0.7718929648399353,-0.036403484642505646
155,0.0006609811680391431,5,0.14744386076927185,-0.25065872073173523,0.7719160318374634,-0.016696244478225708
155,0.00034146622056141496,6,0.14628690481185913,-0.2525847554206848,0.7720493674278259,0.0026060438249260187
155,0.0002155593829229474,7,0.14632122218608856,-0.2537110447883606,0.7722512483596802,0.009566723369061947
155,0.0002953282673843205,8,0.1459437906742096,-0.25334855914115906,0.7723938226699829,0.0005492117488756776
156,0.0003017871349584311,1,0.14727278053760529,-0.2636932134628296,0.7724288105964661,-0.017227644100785255
156,0.00021483631280716509,2,0.14604058861732483,-0.262713223695755,0.7720339298248291,-0.014904237352311611
156,0.0001653354411246255,3,0.145227313041687,-0.26123112440109253,0.7719544172286987,-0.02133009396493435
156,0.0002305961970705539,4,0.1442975252866745,-0.26036959886550903,0.7718390226364136,-0.028241002932190895
156,0.0002507307508494705,5,0.14341415464878082,-0.25998619198799133,0.7718700766563416,-0.006159576587378979
156,0.00019970380526501685,6,0.14266976714134216,-0.2607978880405426,0.772003710269928,-0.007902228273451328
156,0.00021824079158250242,7,0.14218832552433014,-0.26056602597236633,0.77204829454422,-0.010524162091314793
156,0.00018041394650936127,8,0.141763374209404,-0.26145443320274353,0.7721506357192993,-0.016505269333720207
157,0.0007598620723001659,1,0.1480497121810913,-0.2565903663635254,0.7720886468887329,-0.018785081803798676
157,0.0008261792245320976,2,0.14731363952159882,-0.2570701241493225,0.7715020179748535,-0.019199637696146965
157,0.0005614222609438002,3,0.1468399614095688,-0.2575739026069641,0.7711251378059387,-0.01761857606470585
157,0.0005403748364187777,4,0.14641153812408447,-0.25752022862434387,0.7709670066833496,-0.018731586635112762
157,0.00031669315649196506,5,0.14631640911102295,-0.25805673003196716,0.7712318897247314,-0.01657228358089924
157,0.0002767675614450127,6,0.14610816538333893,-0.2581700086593628,0.7713781595230103,-0.01756034791469574
157,0.0001908444828586653,7,0.14585548639297485,-0.2584674656391144,0.7716708779335022,-0.01572464406490326
157,0.00018056694534607232,8,0.14529024064540863,-0.2580600380897522,0.771699070930481,-0.021343503147363663
158,0.0036493646912276745,1,0.1488141417503357,-0.2553219497203827,0.7731608152389526,-0.018770599737763405
158,0.0020246761851012707,2,0.1476060301065445,-0.2562662661075592,0.7722461223602295,-0.020060798153281212
158,0.0011777287581935525,3,0.14671927690505981,-0.2570076584815979,0.7717199921607971,-0.019501788541674614
158,0.0005082233692519367,4,0.14650295674800873,-0.2574266195297241,0.7716509699821472,-0.016042836010456085
158,0.00036079686833545566,5,0.146406888961792,-0.2573055326938629,0.7718265652656555,-0.01645820401608944
158,0.00032364283106289804,6,0.14631764590740204,-0.25687891244888306,0.7719201445579529,-0.018307268619537354
158,0.00022713343787472695,7,0.14624366164207458,-0.2562447786331177,0.7722383141517639,-0.019768431782722473
158,0.00021838712564203888,8,0.14588505029678345,-0.25630831718444824,0.7722287774085999,-0.017744457349181175
159,0.0018075635889545083,1,0.147953599691391,-0.2599949240684509,0.7734070420265198,-0.012348839081823826
159,0.0010754838585853577,2,0.1471422016620636,-0.2608109712600708,0.7724995017051697,-0.010728158056735992
159,0.0015188782708719373,3,0.1465878039598465,-0.2604539096355438,0.7724564075469971,-0.011817567050457
159,0.001778273144736886,4,0.1457977592945099,-0.2607494592666626,0.7724757790565491,-0.01618247851729393
159,0.0014113816432654858,5,0.14508198201656342,-0.2616260349750519,0.7719743251800537,-0.019022680819034576
159,0.001639616210013628,6,0.14455385506153107,-0.2612946033477783,0.7719218730926514,-0.020089784637093544
159,0.0012942651519551873,7,0.14377179741859436,-0.2624671161174774,0.7718844413757324,-0.017519203945994377
159,0.0013349499786272645,8,0.14316463470458984,-0.26256805658340454,0.7721944451332092,-0.01718601956963539
160,0.0012161876074969769,1,0.14023377001285553,-0.2626170516014099,0.7744070291519165,-0.0011364504462108016
160,0.0012723075924441218,2,0.14046385884284973,-0.26145654916763306,0.7738457322120667,-0.004923229571431875
160,0.001149770338088274,3,0.14015275239944458,-0.26196569204330444,0.7734913229942322,-0.01605384796857834
160,0.0006799689726904035,4,0.1399070769548416,-0.2629244327545166,0.7725926041603088,-0.014751060865819454
160,0.0007409453392028809,5,0.14006513357162476,-0.26230674982070923,0.7724448442459106,-0.018641671165823936
160,0.0005191707750782371,6,0.1398106813430786,-0.2635927200317383,0.7723925113677979,-0.013188936747610569
160,0.0004812610277440399,7,0.1395835280418396,-0.26373085379600525,0.7725887894630432,-0.013444220647215843
160,0.0004144672129768878,8,0.1391020566225052,-0.2642264664173126,0.7728533744812012,-0.014388869516551495
161,0.0004778413276653737,1,0.14531418681144714,-0.25281038880348206,0.7739405632019043,-0.008742082864046097
161,0.0005018007359467447,2,0.14492376148700714,-0.25260990858078003,0.7734572291374207,-0.010318612679839134
161,0.0005240143509581685,3,0.14473307132720947,-0.2529367208480835,0.7732134461402893,-0.015896596014499664
161,0.00045714748557657003,4,0.14434945583343506,-0.2538641393184662,0.7729583382606506,-0.02363302744925022
161,0.00045426591532304883,5,0.14415650069713593,-0.2543092370033264,0.7728956341743469,-0.02010558359324932
161,0.0002603611210361123,6,0.14386239647865295,-0.25585120916366577,0.7724456787109375,-0.01405478548258543
161,0.00022228788293432444,7,0.14409299194812775,-0.2562090754508972,0.7723019123077393,-0.011585463769733906
161,0.00036602208274416625,8,0.1437009572982788,-0.2549380660057068,0.7724301815032959,-0.012409849092364311
162,0.00033258681651204824,1,0.14578425884246826,-0.26198360323905945,0.7740073204040527,-0.009644917212426662
162,0.00020674096595030278,2,0.14568071067333221,-0.2615870237350464,0.7727536559104919,-0.016067640855908394
162,0.00018772724433802068,3,0.1452219933271408,-0.26169607043266296,0.7721786499023438,-0.018561093136668205
162,0.00015785940922796726,4,0.14472882449626923,-0.2623652219772339,0.7717832326889038,-0.01783372275531292
162,0.00014667835785076022,5,0.14419449865818024,-0.2628594636917114,0.7716410756111145,-0.019146032631397247
162,0.00012938102008774877,6,0.1438591182231903,-0.26275500655174255,0.7715177536010742,-0.01471090316772461
162,0.00020313118875492364,7,0.14323954284191132,-0.2629084587097168,0.7714908719062805,-0.014033873565495014
162,0.0001735259429551661,8,0.14245793223381042,-0.26386675238609314,0.7714820504188538,-0.01454179733991623
163,0.00024513565585948527,1,0.14975999295711517,-0.2651069462299347,0.7725005149841309,-0.013159813359379768
163,0.00022209042799659073,2,0.14916855096817017,-0.26539090275764465,0.7721161842346191,-0.014034449122846127
163,0.00016555740148760378,3,0.14848875999450684,-0.26573407649993896,0.7717154622077942,-0.015292339026927948
163,0.0001921016228152439,4,0.14804792404174805,-0.2659488022327423,0.7716392278671265,-0.016472185030579567
163,0.0002817446365952492,5,0.1473831832408905,-0.26553279161453247,0.7717392444610596,-0.015380432829260826
163,0.0003860387660097331,6,0.14673294126987457,-0.2657642662525177,0.7718491554260254,-0.016194133087992668
163,0.0004464651283342391,7,0.14621229469776154,-0.26642927527427673,0.7719649076461792,-0.018198629841208458
163,0.00036850638571195304,8,0.14592011272907257,-0.26772573590278625,0.7719190716743469,-0.017728613689541817
164,0.0011789336567744613,1,0.15078821778297424,-0.2712128758430481,0.7725409269332886,-0.015822773799300194
164,0.0006030563963577151,2,0.15020644664764404,-0.27081993222236633,0.7712938189506531,-0.012731793336570263
164,0.0003367609460838139,3,0.15001849830150604,-0.2710472345352173,0.7708674073219299,-0.011638312600553036
164,0.0005718210013583302,4,0.14973266422748566,-0.2697025239467621,0.7707788348197937,-0.01691502518951893
164,0.00040681639802642167,5,0.14935672283172607,-0.27082380652427673,0.7708441615104675,-0.01852487027645111
164,0.00029611686477437615,6,0.1492348611354828,-0.27126264572143555,0.7709555625915527,-0.014760641381144524
164,0.00024494476383551955,7,0.14923310279846191,-0.2714637517929077,0.7710670828819275,-0.01308385655283928
164,0.00031692752963863313,8,0.14907146990299225,-0.270769864320755,0.771030068397522,-0.013615614734590054
165,0.000897091522347182,1,0.15094473958015442,-0.2656764090061188,0.7726930975914001,-0.0201355442404747
165,0.0016998030478134751,2,0.15144330263137817,-0.2639862298965454,0.7730877995491028,-0.028336793184280396
165,0.0030263785738497972,3,0.1508830338716507,-0.2631863057613373,0.7743436694145203,-0.0007111260201781988
165,0.005368220154196024,4,0.15079788863658905,-0.26318392157554626,0.7774311900138855,-0.006444650702178478
165,0.020712755620479584,5,0.15156212449073792,-0.2617940604686737,0.785210132598877,-0.01281400304287672
165,0.06729209423065186,6,0.1519036740064621,-0.2611224353313446,0.7960328459739685,-0.01812385953962803
165,0.20328862965106964,7,0.15270324051380157,-0.2602614462375641,0.8104407787322998,-0.01445593312382698
165,0.5394490957260132,8,0.15390925109386444,-0.25750529766082764,0.8286111950874329,0.6033340692520142
166,0.004495762754231691,1,0.1438392549753189,-0.2600698173046112,0.7737000584602356,-0.0059740240685641766
166,0.001808467204682529,2,0.14393246173858643,-0.2607536017894745,0.7724136710166931,-0.009550390765070915
166,0.0015594171127304435,3,0.14448192715644836,-0.26074421405792236,0.7720858454704285,-0.017138266935944557
166,0.0008693669806234539,4,0.14435844123363495,-0.26129159331321716,0.771683931350708,-0.017149493098258972
166,0.0010336904088035226,5,0.14423301815986633,-0.26108241081237793,0.7717939019203186,-0.02264394797384739
166,0.0008370429277420044,6,0.14357808232307434,-0.26200228929519653,0.7720053195953369,-0.02756328321993351
166,0.0008236109279096127,7,0.14336976408958435,-0.2627464532852173,0.7726447582244873,-0.03401724249124527
166,0.0008342054206877947,8,0.1427256166934967,-0.26354098320007324,0.7735634446144104,-0.03231985494494438
167,0.0004466324462555349,1,0.14799125492572784,-0.25745999813079834,0.7721145749092102,-0.01409640908241272
167,0.0006025335751473904,2,0.14795973896980286,-0.25819510221481323,0.7719237804412842,-0.013380486518144608
167,0.0007873736321926117,3,0.14812873303890228,-0.2586003243923187,0.7719023823738098,-0.012010719627141953
167,0.0009526436333544552,4,0.14826901257038116,-0.25895899534225464,0.7720414400100708,-0.0117177190259099
167,0.001122832065448165,5,0.14819294214248657,-0.2593812942504883,0.7721945643424988,-0.013431337662041187
167,0.00047176150837913156,6,0.1477764993906021,-0.26115965843200684,0.7717053890228271,-0.00537782721221447
167,0.00037403980968520045,7,0.1481618732213974,-0.26216310262680054,0.7716778516769409,-0.019711468368768692
167,0.0007597089279443026,8,0.14818626642227173,-0.2610325515270233,0.7719058394432068,-0.012340494431555271
168,0.0014220013981685042,1,0.14517787098884583,-0.2664918005466461,0.7746135592460632,-0.013730780221521854
168,0.001392845530062914,2,0.144450843334198,-0.2656935751438141,0.774592399597168,-0.016086941584944725
168,0.0011027597356587648,3,0.14376439154148102,-0.26568564772605896,0.774379312992096,-0.01664849743247032
168,0.0009537293226458132,4,0.14327989518642426,-0.26581642031669617,0.7741497159004211,-0.017830612137913704
168,0.0003968259261455387,5,0.14315834641456604,-0.26705458760261536,0.7725561261177063,-0.014052103273570538
168,0.0002994707028847188,6,0.14350059628486633,-0.2673644423484802,0.7720307111740112,-0.0159001424908638
168,0.00034679571399465203,7,0.1435871124267578,-0.26698416471481323,0.7718345522880554,-0.014862610027194023
168,0.00030919292476028204,8,0.14353379607200623,-0.2675362825393677,0.7716653943061829,-0.014732479117810726
169,0.003982867579907179,1,0.14989608526229858,-0.25192803144454956,0.7740231156349182,-0.008020145818591118
169,0.0024041072465479374,2,0.14895674586296082,-0.2536621391773224,0.7738774418830872,-0.015592089854180813
169,0.0015722413081675768,3,0.14824216067790985,-0.25480782985687256,0.7733691930770874,-0.020141931250691414
169,0.0008108968031592667,4,0.14784455299377441,-0.2561233639717102,0.7725204229354858,-0.023545632138848305
169,0.00042215335997752845,5,0.1484193056821823,-0.2567540407180786,0.7719341516494751,-0.021706869825720787
169,0.0002989991335198283,6,0.1496087908744812,-0.2560640871524811,0.7717628479003906,-0.017353804782032967
169,0.00027707251138053834,7,0.15053790807724,-0.25506287813186646,0.7717986702919006,-0.013176266103982925
169,0.0001992879988392815,8,0.15107271075248718,-0.2543327808380127,0.7720964550971985,-0.013763245195150375
170,0.00255206529982388,1,0.15065860748291016,-0.255594938993454,0.7761977314949036,-0.012234161607921124
170,0.00165722391102463,2,0.14930197596549988,-0.2565871775150299,0.7753074765205383,-0.018631109967827797
170,0.0008588924538344145,3,0.14822840690612793,-0.25804436206817627,0.7739695906639099,-0.023142356425523758
170,0.0003705156850628555,4,0.14812663197517395,-0.25877875089645386,0.7723844647407532,-0.01786346361041069
170,0.00026589568005874753,5,0.14893874526023865,-0.2589181661605835,0.7718293070793152,-0.015853455290198326
170,0.0003095129213761538,6,0.1494419425725937,-0.25830361247062683,0.7717116475105286,-0.011453582905232906
170,0.00019046870875172317,7,0.15001903474330902,-0.2585736811161041,0.771689236164093,-0.010540884919464588
170,0.00018175243167206645,8,0.15010620653629303,-0.2578467130661011,0.7717663645744324,-0.011286095716059208
171,0.008401949889957905,1,0.15263736248016357,-0.2578667998313904,0.7758696675300598,-0.020687490701675415
171,0.00468911649659276,2,0.1518266350030899,-0.259110689163208,0.775119423866272,-0.023823652416467667
171,0.002240774454548955,3,0.15094150602817535,-0.2602790296077728,0.773632824420929,-0.026889480650424957
171,0.0013118584174662828,4,0.15096300840377808,-0.26049160957336426,0.7724376320838928,-0.025101568549871445
171,0.0008225857745856047,5,0.15137813985347748,-0.2606898546218872,0.7718515396118164,-0.022737368941307068
171,0.00040592829464003444,6,0.1526457518339157,-0.2602559030056,0.771510124206543,-0.018448783084750175
171,0.0002723892976064235,7,0.15390828251838684,-0.2589137554168701,0.7716893553733826,-0.015070921741425991
171,0.0002120227727573365,8,0.15447372198104858,-0.25799891352653503,0.7720053791999817,-0.014704334549605846
172,0.0012850845232605934,1,0.1465805619955063,-0.2630833089351654,0.7743895649909973,-0.02540910802781582
172,0.0006803497090004385,2,0.14608626067638397,-0.26395362615585327,0.7733396887779236,-0.02609112299978733
172,0.00039470315095968544,3,0.14610128104686737,-0.26488614082336426,0.7726541757583618,-0.026435265317559242
172,0.0001766048080753535,4,0.14667600393295288,-0.26544931530952454,0.7718501687049866,-0.017506590113043785
172,0.0001766736968420446,5,0.1472400724887848,-0.2656293511390686,0.7716931104660034,-0.012901019304990768
172,0.00021313979232218117,6,0.14751949906349182,-0.26604413986206055,0.7716476321220398,-0.01386991236358881
172,0.00021324447880033404,7,0.14717012643814087,-0.2663814425468445,0.7715983986854553,-0.01621086522936821
172,0.00014732932322658598,8,0.14718842506408691,-0.26708629727363586,0.7715579867362976,-0.013563252985477448
173,0.0006324831047095358,1,0.1476072520017624,-0.2608334720134735,0.7722800374031067,-0.017558248713612556
173,0.0005850766319781542,2,0.14815618097782135,-0.2613503336906433,0.7717686891555786,-0.015296253375709057
173,0.0004135320778004825,3,0.14847144484519958,-0.2611513137817383,0.7713850140571594,-0.011702216230332851
173,0.00030532796517945826,4,0.14853085577487946,-0.26145482063293457,0.7713473439216614,-0.014127246104180813
173,0.0003430906217545271,5,0.14845752716064453,-0.26176923513412476,0.7712834477424622,-0.014531970024108887
173,0.0003732408513315022,6,0.14826560020446777,-0.2618444561958313,0.7712999582290649,-0.01853429339826107
173,0.00026250473456457257,7,0.14779160916805267,-0.26226842403411865,0.771403431892395,-0.014232877641916275
173,0.00022932539286557585,8,0.1478854864835739,-0.2620823383331299,0.7714292407035828,-0.010701156221330166
174,0.001134055550210178,1,0.14735892415046692,-0.26981332898139954,0.7716659903526306,-0.013904706574976444
174,0.001348778954707086,2,0.14822600781917572,-0.2680259346961975,0.7713175415992737,-0.017537837848067284
174,0.0010199476964771748,3,0.14805670082569122,-0.26769155263900757,0.7707995772361755,-0.020477281883358955
174,0.0006567645468749106,4,0.1482345014810562,-0.2675575613975525,0.7706323862075806,-0.019658125936985016
174,0.000785798067227006,5,0.148263081908226,-0.26680630445480347,0.7707593441009521,-0.020644867792725563
174,0.0008156796102412045,6,0.14781640470027924,-0.2667182981967926,0.771021842956543,-0.021156473085284233
174,0.0004975038464181125,7,0.14715664088726044,-0.2681719958782196,0.7713643312454224,-0.029325595125555992
174,0.0004192728374619037,8,0.14633049070835114,-0.26845231652259827,0.7713083028793335,-0.02588493376970291
175,0.0006356424419209361,1,0.1436237245798111,-0.25852060317993164,0.7721842527389526,-0.010201074182987213
175,0.000401483936002478,2,0.1433054357767105,-0.2600281834602356,0.7718433737754822,-0.015822988003492355
175,0.0003240330843254924,3,0.14302325248718262,-0.26077035069465637,0.7716400623321533,-0.01268867589533329
175,0.00031216489151120186,4,0.14286956191062927,-0.26104670763015747,0.771568775177002,-0.012043519876897335
175,0.0003926645440515131,5,0.14262589812278748,-0.26099884510040283,0.7715522646903992,-0.016046753153204918
175,0.0005969204939901829,6,0.14226239919662476,-0.26162755489349365,0.7715482115745544,-0.021012209355831146
175,0.0011099671246483922,7,0.14245852828025818,-0.261128306388855,0.7717964053153992,-0.017612513154745102
175,0.0020862154196947813,8,0.14262564480304718,-0.26031967997550964,0.77290278673172,-0.010754337534308434
176,0.0023153575602918863,1,0.14271390438079834,-0.27203524112701416,0.7704581022262573,-0.01681864634156227
176,0.002481775125488639,2,0.14291299879550934,-0.27104413509368896,0.77051842212677,-0.021684415638446808
176,0.0017563516739755869,3,0.14240998029708862,-0.2713894844055176,0.770567774772644,-0.030008746311068535
176,0.0012334977509453893,4,0.1419590711593628,-0.272451788187027,0.7708640694618225,-0.030926138162612915
176,0.00081954977940768,5,0.1415429711341858,-0.27381381392478943,0.7710043787956238,-0.029940130189061165
176,0.0006915201083756983,6,0.1411483734846115,-0.2735873758792877,0.7709060311317444,-0.004381048027426004
176,0.0009023718885146081,7,0.14128296077251434,-0.27315109968185425,0.7716025114059448,-0.02066180855035782
176,0.0005995038663968444,8,0.14054661989212036,-0.27513253688812256,0.7717965245246887,-0.03280898928642273
177,0.0007206470472738147,1,0.1393011063337326,-0.2672247886657715,0.7701572775840759,-0.007297377567738295
177,0.0007525782566517591,2,0.13949115574359894,-0.2666245400905609,0.770412027835846,-0.02141045220196247
177,0.0005170725635252893,3,0.1389581263065338,-0.267508327960968,0.7705754637718201,-0.04633622616529465
177,0.0003600205236580223,4,0.13889703154563904,-0.2680577337741852,0.7707365155220032,-0.03940045088529587
177,0.00028350253705866635,5,0.13909685611724854,-0.26827335357666016,0.7708953619003296,-0.018270082771778107
177,0.000272360717644915,6,0.13908132910728455,-0.26796069741249084,0.7709693908691406,0.01938997022807598
177,0.00034939861507155,7,0.13869425654411316,-0.2674507796764374,0.7709749937057495,0.0008080721599981189
177,0.00032841137726791203,8,0.1383998841047287,-0.2681596279144287,0.771026074886322,-0.014016745612025261
179,0.029023384675383568,1,0.1454257369041443,-0.2604377269744873,0.7774161696434021,-0.005942930933088064
179,0.015154707245528698,2,0.14447328448295593,-0.2606731355190277,0.7767787575721741,-0.005972422193735838
179,0.00679264310747385,3,0.14303405582904816,-0.2617866098880768,0.7758293151855469,-0.01191470492631197
179,0.00549387838691473,4,0.14302170276641846,-0.2618293762207031,0.776204526424408,-0.01975907012820244
179,0.005700426176190376,5,0.14312182366847992,-0.2615359127521515,0.7770621180534363,-0.0074556064791977406
179,0.0026175305247306824,6,0.14213955402374268,-0.2638278901576996,0.7764247059822083,-0.03791811317205429
179,0.0022176015190780163,7,0.14206477999687195,-0.2640901803970337,0.7764227390289307,-0.007153102662414312
179,0.004641484469175339,8,0.14245158433914185,-0.2627166509628296,0.7791289687156677,-0.006772167980670929
180,0.005231342278420925,1,0.14260892570018768,-0.2629237771034241,0.7763746976852417,-0.00641407398506999
180,0.003525476437062025,2,0.14216302335262299,-0.2615976631641388,0.7758229970932007,-0.008964158594608307
180,0.003846684005111456,3,0.14153793454170227,-0.2604323923587799,0.7764831781387329,-0.016026819124817848
180,0.001799022313207388,4,0.13987112045288086,-0.26234737038612366,0.7756436467170715,-0.031153565272688866
180,0.003278671531006694,5,0.14060622453689575,-0.2610156834125519,0.7779068946838379,-0.020102903246879578
180,0.003847610205411911,6,0.14024436473846436,-0.2611616849899292,0.7794657945632935,0.001616298919543624
180,0.008398887701332569,7,0.14096228778362274,-0.26026615500450134,0.7843260765075684,-0.003972215577960014
180,0.034729573875665665,8,0.1423034965991974,-0.2585352063179016,0.795630693435669,-0.013201535679399967
181,0.0011486394796520472,1,0.1495315283536911,-0.2621491253376007,0.7714680433273315,-0.01483130268752575
181,0.0009229936986230314,2,0.14818412065505981,-0.2630510926246643,0.7713562250137329,-0.016760792583227158
181,0.000671397487167269,3,0.14691071212291718,-0.2640882432460785,0.7713450789451599,-0.01786007545888424
181,0.0005907515296712518,4,0.14632590115070343,-0.2647746205329895,0.7713109850883484,-0.01529858261346817
181,0.00028669004677794874,5,0.14557141065597534,-0.2656448483467102,0.7710293531417847,-0.015388468280434608
181,0.000518566113896668,6,0.1459364891052246,-0.2648543417453766,0.7712929248809814,-0.02335001341998577
181,0.0009316031355410814,7,0.14614476263523102,-0.2641738951206207,0.7724557518959045,-0.014671391807496548
181,0.002096528187394142,8,0.1460711658000946,-0.26295462250709534,0.7757969498634338,-0.005795263685286045
182,0.003923146054148674,1,0.14815761148929596,-0.2713639736175537,0.7721707820892334,-0.019726460799574852
182,0.003231476992368698,2,0.14748750627040863,-0.2723456919193268,0.7721613049507141,-0.016175948083400726
182,0.002998096402734518,3,0.14707662165164948,-0.27257999777793884,0.7720433473587036,-0.017460104078054428
182,0.001198407495394349,4,0.1460716724395752,-0.2740060091018677,0.7710413932800293,-0.019640455022454262
182,0.0013320442521944642,5,0.14603263139724731,-0.27376243472099304,0.7710471749305725,-0.018080156296491623
182,0.000937053409870714,6,0.14606159925460815,-0.275074303150177,0.7710213661193848,-0.016857873648405075
182,0.0014399051433429122,7,0.14620628952980042,-0.2742932438850403,0.771531343460083,-0.016551703214645386
182,0.002032076707109809,8,0.14589567482471466,-0.2735653817653656,0.7728853821754456,-0.015088897198438644
183,0.00526643730700016,1,0.14792092144489288,-0.26033124327659607,0.772279679775238,-0.019102437421679497
183,0.0019205696880817413,2,0.14628966152668,-0.2623867392539978,0.7712239027023315,-0.018078677356243134
183,0.0017619585851207376,3,0.14583957195281982,-0.2629409432411194,0.771161675453186,-0.019160937517881393
183,0.0011281230254098773,4,0.144979327917099,-0.263691246509552,0.7709579467773438,-0.016942046582698822
183,0.0014358158223330975,5,0.14471383392810822,-0.2641133666038513,0.7710186839103699,-0.022102700546383858
183,0.0010082805529236794,6,0.14421585202217102,-0.26536431908607483,0.7711067795753479,-0.012705168686807156
183,0.0012948551448062062,7,0.14461182057857513,-0.26558718085289,0.7714508771896362,-0.010989063419401646
183,0.0022634605411440134,8,0.14489947259426117,-0.2643491327762604,0.7727386355400085,-0.014487740583717823
184,0.11815055459737778,1,0.15106232464313507,-0.2560206949710846,0.7788213491439819,-0.021210163831710815
184,0.03929615020751953,2,0.14803546667099,-0.257838636636734,0.7767513990402222,0.001528352964669466
184,0.023005738854408264,3,0.146468847990036,-0.25916099548339844,0.7763380408287048,-0.010767574422061443
184,0.06337942183017731,4,0.14761532843112946,-0.25787675380706787,0.7811665534973145,-0.018636111170053482
184,0.12561644613742828,5,0.14822468161582947,-0.2580104172229767,0.7899166345596313,-0.019345909357070923
184,0.24015460908412933,6,0.14780694246292114,-0.25743934512138367,0.799823522567749,-0.017977586016058922
184,0.2494405210018158,7,0.14625629782676697,-0.25942862033843994,0.8062269687652588,-0.027492385357618332
184,0.5022817254066467,8,0.14713355898857117,-0.2580387592315674,0.8191885352134705,0.6018825173377991
185,0.07408517599105835,1,0.15310561656951904,-0.2475109100341797,0.7750199437141418,0.003432879224419594
185,0.023278454318642616,2,0.15156427025794983,-0.2491002380847931,0.7734229564666748,-0.02105524390935898
185,0.009433219209313393,3,0.1507386863231659,-0.2500753402709961,0.7726870179176331,-0.03269130364060402
185,0.0043429117649793625,4,0.14995087683200836,-0.2513868808746338,0.7719925045967102,-0.03232072666287422
185,0.0018617971800267696,5,0.14928101003170013,-0.252775102853775,0.7714434862136841,-0.028341317549347878
185,0.001287486287765205,6,0.14911918342113495,-0.25354915857315063,0.7713947892189026,-0.02072785794734955
185,0.0014424414839595556,7,0.14908891916275024,-0.2538830637931824,0.7715098261833191,-0.016338948160409927
185,0.0005814520409330726,8,0.14837799966335297,-0.2553898096084595,0.7714634537696838,-0.017570625990629196
186,0.043384287506341934,1,0.1547129899263382,-0.2537282109260559,0.7782107591629028,-0.014394496567547321
186,0.020213183015584946,2,0.15282447636127472,-0.25438234210014343,0.7761736512184143,-0.015542391687631607
186,0.01233789511024952,3,0.1514858901500702,-0.25522783398628235,0.7748010158538818,-0.021598083898425102
186,0.005321709904819727,4,0.15010106563568115,-0.2568855881690979,0.7732917070388794,-0.024353308603167534
186,0.004878018517047167,5,0.14943872392177582,-0.2571418881416321,0.772752046585083,-0.016063669696450233
186,0.0035776991862803698,6,0.14845366775989532,-0.2583466172218323,0.7723556160926819,-0.020563125610351562
186,0.002757828216999769,7,0.14756591618061066,-0.2596726715564728,0.7720847725868225,-0.018366729840636253
186,0.0036198999732732773,8,0.14753761887550354,-0.25941768288612366,0.7728231549263,-0.010893186554312706
187,0.17754660546779633,1,0.15265077352523804,-0.24482029676437378,0.7822375893592834,-0.0003967826487496495
187,0.11725664883852005,2,0.15044955909252167,-0.24609100818634033,0.7816948890686035,-0.006572469137609005
187,0.09830796718597412,3,0.14859311282634735,-0.24708855152130127,0.7823849320411682,-0.017349541187286377
187,0.10581226646900177,4,0.1471530944108963,-0.24788090586662292,0.7843180298805237,-0.021234391257166862
187,0.14094015955924988,5,0.14611488580703735,-0.2484840452671051,0.7876882553100586,-0.019345391541719437
187,0.2230992317199707,6,0.14549607038497925,-0.24877668917179108,0.7931861281394958,-0.016896093264222145
187,0.3870563209056854,7,0.14538659155368805,-0.24852173030376434,0.802103579044342,-0.01633141003549099
187,0.6223765015602112,8,0.14575470983982086,-0.24755892157554626,0.8151943683624268,0.5925889015197754
188,0.021717332303524017,1,0.14924199879169464,-0.2511517405509949,0.7772138118743896,-0.02420087903738022
188,0.0062135555781424046,2,0.14674633741378784,-0.25353163480758667,0.7740394473075867,-0.025673555210232735
188,0.004004803951829672,3,0.14537763595581055,-0.2548496127128601,0.77308589220047,-0.022451261058449745
188,0.0023140879347920418,4,0.14440986514091492,-0.25669118762016296,0.7722265124320984,-0.02491879090666771
188,0.002214048756286502,5,0.14388754963874817,-0.2574669122695923,0.7718885540962219,-0.01486839260905981
188,0.0030620801262557507,6,0.14360448718070984,-0.25751811265945435,0.772028923034668,-0.01744970865547657
188,0.0037860258016735315,7,0.14319667220115662,-0.25768405199050903,0.7724707722663879,-0.015446270816028118
188,0.0026056612841784954,8,0.14204886555671692,-0.2587890326976776,0.7722573280334473,-0.01999221369624138
189,0.02977958880364895,1,0.15036025643348694,-0.2515515089035034,0.7764856219291687,-0.013588139787316322
189,0.02384812943637371,2,0.14908437430858612,-0.25266674160957336,0.7764454483985901,-0.01813354901969433
189,0.029845336452126503,3,0.1482793688774109,-0.2530737817287445,0.7778955101966858,-0.018324049189686775
189,0.04952507093548775,4,0.14785480499267578,-0.2530568540096283,0.7809542417526245,-0.015165003016591072
189,0.06837964057922363,5,0.14674866199493408,-0.2536798119544983,0.7841978073120117,-0.028978578746318817
189,0.13801327347755432,6,0.14727848768234253,-0.25371959805488586,0.7914652824401855,-0.01240591797977686
189,0.4233051538467407,7,0.14941087365150452,-0.2511855363845825,0.805909276008606,-0.0017156761605292559
189,0.6002861857414246,8,0.14951108396053314,-0.2505594491958618,0.8190068602561951,0.5974037647247314
190,0.13440433144569397,1,0.15402604639530182,-0.2522584795951843,0.7820457220077515,-0.0178788173943758
190,0.03747269883751869,2,0.15108703076839447,-0.2546869218349457,0.7781732082366943,-0.02512509375810623
190,0.015649355947971344,3,0.14912709593772888,-0.25638702511787415,0.7755368947982788,-0.022652985528111458
190,0.0086584547534585,4,0.14804238080978394,-0.2581828534603119,0.7743332386016846,-0.02540610544383526
190,0.004131705034524202,5,0.14700525999069214,-0.2601107358932495,0.7729231715202332,-0.019410600885748863
190,0.005794414784759283,6,0.14692971110343933,-0.25949981808662415,0.7731384634971619,-0.009659306146204472
190,0.005929570645093918,7,0.14643503725528717,-0.260262131690979,0.7735217809677124,-0.016033124178647995
190,0.006114531308412552,8,0.1459488421678543,-0.2605060935020447,0.7743046283721924,-0.018046418204903603
191,0.03729283809661865,1,0.150349423289299,-0.2524411082267761,0.7768257260322571,-0.02788681350648403
191,0.018707742914557457,2,0.14861930906772614,-0.2534467577934265,0.7749605774879456,-0.027337389066815376
191,0.00904532615095377,3,0.1469493806362152,-0.2549245357513428,0.7735202312469482,-0.02451486699283123
191,0.008337725885212421,4,0.14634451270103455,-0.25535592436790466,0.7731386423110962,-0.008615145459771156
191,0.0053250049240887165,5,0.14545467495918274,-0.2570158839225769,0.7724045515060425,-0.014555927366018295
191,0.007940634153783321,6,0.14612425863742828,-0.256547749042511,0.7734902501106262,-0.011819655075669289
191,0.014027914963662624,7,0.14676611125469208,-0.2555675208568573,0.7762615084648132,-0.009706142358481884
191,0.02049156092107296,8,0.14645405113697052,-0.2550695538520813,0.7796639800071716,-0.012562515214085579
192,0.049361974000930786,1,0.1449238359928131,-0.25685083866119385,0.7788054943084717,-0.02003089152276516
192,0.013139350339770317,2,0.1431315541267395,-0.25728723406791687,0.7752499580383301,-0.023822857066988945
192,0.020378660410642624,3,0.14414554834365845,-0.2558327317237854,0.776709258556366,-0.008542200550436974
192,0.00907819252461195,4,0.14255671203136444,-0.25805991888046265,0.7762201428413391,-0.020124828442931175
192,0.020044293254613876,5,0.14405454695224762,-0.25611382722854614,0.7798740863800049,-0.006233137100934982
192,0.007630011532455683,6,0.1421182006597519,-0.2591416537761688,0.7785562872886658,-0.023249933496117592
192,0.007135579828172922,7,0.14195507764816284,-0.26018401980400085,0.7793221473693848,-0.02525782398879528
192,0.01574132777750492,8,0.14239564538002014,-0.258510559797287,0.7827590703964233,-0.0027203166391700506
193,0.010320834815502167,1,0.14236187934875488,-0.25607413053512573,0.7753648161888123,-0.02009790763258934
193,0.008127164095640182,2,0.14179599285125732,-0.2551811933517456,0.7739784717559814,-0.010630999691784382
193,0.006471554283052683,3,0.1412421017885208,-0.2555641531944275,0.7731802463531494,-0.021170509979128838
193,0.006928174756467342,4,0.1413131207227707,-0.2554495632648468,0.773532509803772,-0.02214799076318741
193,0.008983034640550613,5,0.14215324819087982,-0.2548021078109741,0.7758127450942993,-0.01099915336817503
193,0.004493981134146452,6,0.1403661072254181,-0.2564729154109955,0.775465190410614,-0.013873208314180374
193,0.01793987862765789,7,0.1417759358882904,-0.2542438805103302,0.7810248136520386,-0.00842740572988987
193,0.05765786021947861,8,0.14332683384418488,-0.2524764835834503,0.7898584604263306,-0.011630825698375702
194,0.005496205762028694,1,0.14614903926849365,-0.2595537304878235,0.7738927006721497,-0.019092315807938576
194,0.0035030923318117857,2,0.14538830518722534,-0.25982385873794556,0.7728376984596252,-0.016170071437954903
194,0.004220522940158844,3,0.14555853605270386,-0.2589055597782135,0.7730904817581177,-0.020320415496826172
194,0.005038388539105654,4,0.1454407423734665,-0.258330762386322,0.7738061547279358,-0.02217772603034973
194,0.006826107855886221,5,0.14533279836177826,-0.25775548815727234,0.7755227088928223,-0.011610555462539196
194,0.011716022156178951,6,0.14545315504074097,-0.2569613456726074,0.7787558436393738,-0.010553664527833462
194,0.008001786656677723,7,0.14425280690193176,-0.2593481242656708,0.779889702796936,-0.008439944125711918
194,0.013691538013517857,8,0.14413177967071533,-0.25871315598487854,0.7831095457077026,-0.012590929865837097
195,0.01342268381267786,1,0.14708730578422546,-0.2575645446777344,0.7732188701629639,-0.02656986378133297
195,0.019531868398189545,2,0.14768365025520325,-0.2564658224582672,0.7736934423446655,-0.022019777446985245
195,0.01676715537905693,3,0.1465756744146347,-0.25701722502708435,0.7739586234092712,-0.013607371598482132
195,0.024356205016374588,4,0.1469547003507614,-0.25650525093078613,0.7762877345085144,-0.017251132056117058
195,0.09028011560440063,5,0.1494983583688736,-0.2535981237888336,0.7846823930740356,-0.02047625184059143
195,0.15529154241085052,6,0.14962193369865417,-0.2529492974281311,0.7934665679931641,-0.007549337111413479
195,0.27166733145713806,7,0.14975154399871826,-0.25253769755363464,0.8036118149757385,-0.01099876407533884
195,0.5254582166671753,8,0.15053868293762207,-0.25089535117149353,0.8160263299942017,0.6219552159309387
196,0.085457444190979,1,0.1512511968612671,-0.2529214918613434,0.7765191197395325,-0.019324494525790215
196,0.03625473752617836,2,0.14875689148902893,-0.2545603811740875,0.775526762008667,-0.024886835366487503
196,0.008981187827885151,3,0.14613772928714752,-0.25694894790649414,0.773123025894165,-0.026128241792321205
196,0.0032175101805478334,4,0.14465896785259247,-0.2584400475025177,0.771815299987793,-0.024593915790319443
196,0.00863449927419424,5,0.14597563445568085,-0.25741809606552124,0.7741240859031677,-0.00886949896812439
196,0.01390774641185999,6,0.14624997973442078,-0.25686579942703247,0.7761044502258301,-0.006835415493696928
196,0.01369279995560646,7,0.14587828516960144,-0.2578601837158203,0.7778053879737854,-0.01760105788707733
196,0.04848836734890938,8,0.14709946513175964,-0.2553931474685669,0.7847287654876709,-0.007449968717992306
197,0.18587470054626465,1,0.15340255200862885,-0.2527922987937927,0.7788968682289124,-0.016692154109477997
197,0.26914727687835693,2,0.154640793800354,-0.2510353922843933,0.7850263118743896,-0.015542597509920597
197,0.13110366463661194,3,0.15149477124214172,-0.25359708070755005,0.7863264679908752,-0.01603645458817482
197,0.23088835179805756,4,0.15236178040504456,-0.2525852918624878,0.7946414947509766,-0.012086380273103714
197,0.20275990664958954,5,0.15100377798080444,-0.25405704975128174,0.7990874648094177,-0.030078737065196037
197,0.3074260354042053,6,0.1513710916042328,-0.2537076473236084,0.8081894516944885,-0.02088358998298645
197,0.4672023057937622,7,0.15104952454566956,-0.2526825964450836,0.8177405595779419,-0.024606885388493538
197,0.6525118947029114,8,0.15103314816951752,-0.2510121464729309,0.8279410600662231,0.6325900554656982
198,0.35752740502357483,1,0.15454404056072235,-0.25172778964042664,0.7826527953147888,-0.01783110201358795
198,0.2546101212501526,2,0.15324170887470245,-0.25330400466918945,0.7853214144706726,-0.025936033576726913
198,0.33448681235313416,3,0.15406209230422974,-0.25312694907188416,0.7926764488220215,-0.01811170019209385
198,0.3237050175666809,4,0.15292248129844666,-0.25435206294059753,0.7984568476676941,-0.02948235720396042
198,0.29233744740486145,5,0.15159785747528076,-0.2562386393547058,0.8036227226257324,-0.03264777362346649
198,0.44438982009887695,6,0.15203054249286652,-0.25581085681915283,0.8137915134429932,-0.010793867520987988
198,0.45479509234428406,7,0.15063738822937012,-0.257043719291687,0.8200790882110596,-0.03339499235153198
198,0.5852430462837219,8,0.1493035852909088,-0.25604182481765747,0.8264898657798767,0.6660797595977783
199,0.14120176434516907,1,0.14574919641017914,-0.24888843297958374,0.782256007194519,-0.021694401279091835
199,0.12681517004966736,2,0.14561590552330017,-0.24929147958755493,0.7848386764526367,-0.023595701903104782
199,0.21478569507598877,3,0.14710476994514465,-0.2480776309967041,0.7919105291366577,-0.014692917466163635
199,0.1580602526664734,4,0.1452043503522873,-0.2496749758720398,0.7945969700813293,-0.03381592780351639
199,0.18618398904800415,5,0.14475210011005402,-0.250365674495697,0.800134003162384,-0.029270054772496223
199,0.1338004320859909,6,0.1429147571325302,-0.2529951333999634,0.8018903732299805,-0.035709407180547714
199,0.4424974322319031,7,0.14479245245456696,-0.24944105744361877,0.8153239488601685,-0.003096719505265355
199,0.501688539981842,8,0.14356037974357605,-0.24965474009513855,0.821968674659729,0.652428925037384
200,0.04385698214173317,1,0.14734047651290894,-0.25408288836479187,0.7791664004325867,-0.03323868289589882
200,0.012913566082715988,2,0.1448935866355896,-0.25648289918899536,0.7760910987854004,-0.031969841569662094
200,0.004855004604905844,3,0.14368972182273865,-0.2580837309360504,0.7736891508102417,-0.017574768513441086
200,0.005404661875218153,4,0.14376571774482727,-0.25734931230545044,0.7736092209815979,-0.0004658820980694145
200,0.0034718120004981756,5,0.1432756632566452,-0.25899335741996765,0.7733472585678101,-0.0282488614320755
200,0.005192948970943689,6,0.1435762643814087,-0.25792011618614197,0.7742131948471069,-0.0010914626764133573
200,0.0074891396798193455,7,0.1443309336900711,-0.2577018141746521,0.7773842215538025,-0.019402112811803818
200,0.026377985253930092,8,0.14558130502700806,-0.2553240954875946,0.7858421802520752,-0.006798075046390295
201,0.00798198115080595,1,0.1363532543182373,-0.24923056364059448,0.7739846110343933,-0.020901091396808624
201,0.007008399348706007,2,0.136198028922081,-0.24953776597976685,0.7732240557670593,-0.014512253925204277
201,0.012465063482522964,3,0.13694186508655548,-0.24840664863586426,0.774620532989502,-0.011319398880004883
201,0.005577940959483385,4,0.13509906828403473,-0.2509644031524658,0.7734388113021851,-0.014761979691684246
201,0.0057272291742265224,5,0.13515636324882507,-0.251087486743927,0.7738347053527832,-0.016769688576459885
201,0.008704041130840778,6,0.13590054214000702,-0.2507668733596802,0.7765612602233887,-0.014257199130952358
201,0.022397905588150024,7,0.13637618720531464,-0.24928352236747742,0.7822250723838806,-0.006220050621777773
201,0.05755278840661049,8,0.1372450739145279,-0.24823489785194397,0.7908860445022583,-0.01244695670902729
202,0.5516196489334106,1,0.14903244376182556,-0.24027234315872192,0.791947603225708,-0.020694447681307793
202,0.6124107837677002,2,0.14865465462207794,-0.24053563177585602,0.7966167330741882,-0.02270168997347355
202,0.5530933141708374,3,0.14659559726715088,-0.24183692038059235,0.7999987006187439,-0.025357354432344437
202,0.5025997757911682,4,0.14576458930969238,-0.24370120465755463,0.8055207133293152,-0.02384338714182377
202,0.6102858185768127,5,0.14673621952533722,-0.24379383027553558,0.8158250451087952,-0.023583685979247093
202,0.644172191619873,6,0.14702856540679932,-0.2444823533296585,0.8251338005065918,-0.027054155245423317
202,0.664228081703186,7,0.14603126049041748,-0.24468614161014557,0.8310344815254211,-0.022800341248512268
202,0.6065181493759155,8,0.14468488097190857,-0.24680984020233154,0.8340197205543518,-0.024264255538582802
203,0.588050127029419,1,0.15140748023986816,-0.24123257398605347,0.7848567962646484,-0.015621108934283257
203,0.5200991034507751,2,0.1511918157339096,-0.24197053909301758,0.7882887125015259,0.01650410145521164
203,0.3246602714061737,3,0.14878922700881958,-0.2440488189458847,0.7891592383384705,-1.661308765411377
203,0.25495901703834534,4,0.14756783843040466,-0.24526749551296234,0.7897239923477173,-0.04130464792251587
203,0.1548643708229065,5,0.14603501558303833,-0.2473376989364624,0.7881902456283569,-0.035643719136714935
203,0.320968359708786,6,0.14754348993301392,-0.24549341201782227,0.7942216992378235,-0.024720609188079834
203,0.3276042342185974,7,0.14639313519001007,-0.24623434245586395,0.798346996307373,-0.04468114301562309
203,0.5103998780250549,8,0.14731982350349426,-0.24497303366661072,0.8072397112846375,0.7139251232147217
204,0.6609745621681213,1,0.14894050359725952,-0.2458927184343338,0.7933864593505859,-0.024877328425645828
204,0.4080227315425873,2,0.1466129720211029,-0.24791035056114197,0.7927317023277283,-1.6634726524353027
204,0.1646873503923416,3,0.1438639760017395,-0.25096333026885986,0.7904930710792542,-0.044736530631780624
204,0.033219702541828156,4,0.14127102494239807,-0.25443926453590393,0.7841152548789978,-0.03736228868365288
204,0.03527064248919487,5,0.14135046303272247,-0.2538050711154938,0.7839968204498291,0.0004890260170213878
204,0.05748291686177254,6,0.14218302071094513,-0.2536379098892212,0.788423478603363,-0.026233527809381485
204,0.06268744170665741,7,0.14211982488632202,-0.254368394613266,0.7925799489021301,-0.03196173533797264
204,0.05911998823285103,8,0.14147554337978363,-0.2552272081375122,0.7952301502227783,-0.03419150039553642
205,0.10994746536016464,1,0.14194923639297485,-0.2489922046661377,0.7946293354034424,-0.034345053136348724
205,0.020684415474534035,2,0.13957561552524567,-0.2521868646144867,0.7873131036758423,-0.0459679439663887
205,0.03807469829916954,3,0.14133332669734955,-0.24978233873844147,0.7918849587440491,-0.0032740740571171045
205,0.031761664897203445,4,0.1400946080684662,-0.2504277229309082,0.792102038860321,-0.038196366280317307
205,0.05103696510195732,5,0.1409190595149994,-0.24948284029960632,0.796135663986206,-0.018976319581270218
205,0.022911760956048965,6,0.1386972963809967,-0.2523190975189209,0.7921648025512695,-0.0397605299949646
205,0.08248931914567947,7,0.1410098373889923,-0.24893450736999512,0.8009693622589111,-0.0021407336462289095
205,0.07830461114645004,8,0.14001716673374176,-0.24969477951526642,0.8034008145332336,-0.041042760014534
206,0.0005994924576953053,1,0.14107169210910797,-0.2589653730392456,0.7708774209022522,-0.0448085181415081
206,0.0006054025725461543,2,0.1405234932899475,-0.25892069935798645,0.7713325023651123,-0.04032551869750023
206,0.00022140709916129708,3,0.1403118520975113,-0.25981050729751587,0.7704010605812073,-0.017197227105498314
206,0.0001490586146246642,4,0.14048568904399872,-0.2596052885055542,0.7703306674957275,-0.005091049242764711
206,0.00013913035218138248,5,0.1407167762517929,-0.2592741847038269,0.7704651951789856,-0.0043050977401435375
206,0.00013126165140420198,6,0.1407092809677124,-0.25891485810279846,0.7705758810043335,-0.0041456809267401695
206,0.00011881029058713466,7,0.14057844877243042,-0.25957614183425903,0.770759105682373,-0.02120320312678814
206,0.00012424988381098956,8,0.1405206173658371,-0.25877299904823303,0.770765483379364,0.007750479970127344
207,0.00035073101753368974,1,0.13447901606559753,-0.25022217631340027,0.7714033722877502,0.008951549418270588
207,0.0003108990495093167,2,0.13503769040107727,-0.2501288652420044,0.7709445953369141,0.0046929726377129555
207,0.0003057882422581315,3,0.13515909016132355,-0.24989253282546997,0.7707255482673645,-0.006646797060966492
207,0.0003079581947531551,4,0.1354384869337082,-0.2501439154148102,0.7707857489585876,-0.020846987143158913
207,0.0006093955598771572,5,0.13505446910858154,-0.24991321563720703,0.7718105316162109,-0.016178172081708908
207,0.0010719560086727142,6,0.13492757081985474,-0.2496538907289505,0.7737329006195068,-0.013651925139129162
207,0.0014557094546034932,7,0.1344052255153656,-0.24986964464187622,0.7757642865180969,-0.013332677073776722
207,0.004878342617303133,8,0.13506193459033966,-0.24833135306835175,0.7820871472358704,-0.015862442553043365
208,0.0011004494735971093,1,0.1390944868326187,-0.24634075164794922,0.7704938650131226,-0.028110776096582413
208,0.0005385432741604745,2,0.13856297731399536,-0.24850638210773468,0.7703204154968262,-0.037842001765966415
208,0.0007091717561706901,3,0.1382632553577423,-0.24792474508285522,0.770659327507019,-0.00655906880274415
208,0.000465215474832803,4,0.1377493143081665,-0.24790751934051514,0.770405650138855,0.010029884986579418
208,0.000266422750428319,5,0.13751421868801117,-0.24931511282920837,0.7704867124557495,-0.021470410749316216
208,0.00017051374015863985,6,0.13737612962722778,-0.25020632147789,0.7707078456878662,-0.0029405374079942703
208,0.0001749023504089564,7,0.1377992331981659,-0.24994534254074097,0.7707315683364868,-0.00029832791187800467
208,0.0002761755313258618,8,0.13725976645946503,-0.2500873804092407,0.770744264125824,-0.005366544239223003
209,0.0013156966306269169,1,0.13872936367988586,-0.24634940922260284,0.7707046866416931,-0.0011796198086813092
209,0.0007774542318657041,2,0.13870114088058472,-0.24644657969474792,0.769930899143219,-0.012343432754278183
209,0.0009654063615016639,3,0.13855621218681335,-0.24631540477275848,0.7702412009239197,-0.017241090536117554
209,0.0013420537579804659,4,0.13818992674350739,-0.24588747322559357,0.7708852291107178,-0.02393742837011814
209,0.0017673798138275743,5,0.13785699009895325,-0.24594570696353912,0.7723995447158813,-0.013906380161643028
209,0.002913974691182375,6,0.13765117526054382,-0.24575917422771454,0.7755650281906128,-0.013084139674901962
209,0.005878183525055647,7,0.13752591609954834,-0.2454339563846588,0.7809911966323853,-0.012659948319196701
209,0.009069377556443214,8,0.13651928305625916,-0.24599261581897736,0.7862885594367981,-0.015188528224825859
210,0.004911032505333424,1,0.14018191397190094,-0.23953381180763245,0.7732165455818176,-0.007932540029287338
210,0.0018817175878211856,2,0.13851375877857208,-0.24139589071273804,0.7723924517631531,-0.04358246177434921
210,0.001001955708488822,3,0.1372269243001938,-0.2426217496395111,0.7715393304824829,0.0023762506898492575
210,0.000790931808296591,4,0.13672271370887756,-0.2438061535358429,0.7713572978973389,-0.0026430801954120398
210,0.00046717101940885186,5,0.1364932656288147,-0.2446761429309845,0.770921528339386,-0.008883208967745304
210,0.0006756228976882994,6,0.13613386452198029,-0.24475494027137756,0.7714367508888245,-0.01913430728018284
210,0.0011936334194615483,7,0.13675810396671295,-0.24433518946170807,0.7731587886810303,-0.01444201823323965
210,0.0010965759865939617,8,0.13621897995471954,-0.24523885548114777,0.7742589712142944,-0.00802371185272932
211,0.002789220539852977,1,0.1322072595357895,-0.24662277102470398,0.7729960083961487,-0.028106223791837692
211,0.0015889413189142942,2,0.13079139590263367,-0.24855998158454895,0.7725385427474976,-0.025133458897471428
211,0.001452615950256586,3,0.13030406832695007,-0.2492806315422058,0.7727381587028503,-0.009945803321897984
211,0.0018553134286776185,4,0.13006511330604553,-0.24936851859092712,0.7739872932434082,-0.010073606856167316
211,0.0019649083260446787,5,0.12920847535133362,-0.24984323978424072,0.7747898101806641,-0.014455713331699371
211,0.0018324824050068855,6,0.12869757413864136,-0.2509724795818329,0.7751337289810181,-0.015450166538357735
211,0.0042992145754396915,7,0.1297115981578827,-0.24962961673736572,0.7793950438499451,-0.008324160240590572
211,0.011459561064839363,8,0.1305522918701172,-0.247828409075737,0.7867470383644104,-0.010543808341026306
212,0.001966726966202259,1,0.13883967697620392,-0.24779430031776428,0.7706127762794495,-0.02174430340528488
212,0.0014293254353106022,2,0.13745123147964478,-0.24909818172454834,0.7702016830444336,-0.013984845019876957
212,0.000696778588462621,3,0.1366257667541504,-0.25082072615623474,0.769718587398529,-0.015223151072859764
212,0.0008714101277291775,4,0.13607145845890045,-0.25127124786376953,0.7700720429420471,-0.020011158660054207
212,0.0007098137866705656,5,0.13545310497283936,-0.25255492329597473,0.7701547145843506,-0.01727006956934929
212,0.0006253282190300524,6,0.13530360162258148,-0.2536282241344452,0.7703140377998352,-0.015379698947072029
212,0.0005017103394493461,7,0.1351357251405716,-0.25472450256347656,0.7703319787979126,-0.015081208199262619
212,0.000814925238955766,8,0.13575811684131622,-0.2539343535900116,0.7710680961608887,-0.01490060891956091
213,0.002700409386307001,1,0.1327730268239975,-0.24027760326862335,0.7715968489646912,-0.030553624033927917
213,0.0009656358743086457,2,0.13303370773792267,-0.24195332825183868,0.7704328298568726,-0.0192341860383749
213,0.0004531468148343265,3,0.13314136862754822,-0.24418862164020538,0.7703347206115723,-0.027161436155438423
213,0.00047538732178509235,4,0.133270263671875,-0.24450774490833282,0.7703264951705933,-0.002502261660993099
213,0.0004751915985252708,5,0.13316188752651215,-0.2453368902206421,0.7704654335975647,-0.015262702479958534
213,0.00039649373502470553,6,0.1326698362827301,-0.24673952162265778,0.77066570520401,-0.017241906374692917
213,0.0003664964169729501,7,0.13246406614780426,-0.2475178837776184,0.7707357406616211,-0.0005628451472148299
213,0.00035019294591620564,8,0.13287225365638733,-0.24749058485031128,0.7707602977752686,-0.01345812063664198
214,0.0007596372743137181,1,0.13588981330394745,-0.24476896226406097,0.7707474231719971,-0.02645910158753395
214,0.0006578758475370705,2,0.13528813421726227,-0.24596954882144928,0.7706668376922607,-0.026846131309866905
214,0.0004433646681718528,3,0.13474425673484802,-0.24755972623825073,0.7706928849220276,-0.019982997328042984
214,0.00045989101636223495,4,0.1344282478094101,-0.24795059859752655,0.7708868384361267,-0.023890575394034386
214,0.00047059060307219625,5,0.1339608132839203,-0.24880510568618774,0.7712680101394653,-0.00848476029932499
214,0.00048282789066433907,6,0.13328078389167786,-0.2497425675392151,0.7715423107147217,-0.007031038403511047
214,0.0003901844611391425,7,0.13425099849700928,-0.2504068911075592,0.7717602849006653,-0.014738553203642368
214,0.0008813285385258496,8,0.13449935615062714,-0.2498287856578827,0.7739052772521973,-0.011272555217146873
215,0.0002991679357364774,1,0.13512609899044037,-0.24508020281791687,0.7708716988563538,-0.02111176587641239
215,0.00017086089064832777,2,0.13510042428970337,-0.2459973692893982,0.7705716490745544,-0.024781588464975357
215,0.00018593142158351839,3,0.13477745652198792,-0.24628041684627533,0.7705813050270081,-0.016810739412903786
215,0.00016355887055397034,4,0.13450013101100922,-0.24750353395938873,0.7707052230834961,-0.010707587003707886
215,0.00022194712073542178,5,0.13396811485290527,-0.24731740355491638,0.7707855105400085,-0.012521040625870228
215,0.0002109753550030291,6,0.13463260233402252,-0.2473871111869812,0.7709799408912659,-0.017812510952353477
215,0.000420459546148777,7,0.13483935594558716,-0.24680452048778534,0.7724447846412659,-0.005016604904085398
215,0.0008515785448253155,8,0.13478964567184448,-0.24632367491722107,0.7756282687187195,-0.016079233959317207
216,0.00016259511176031083,1,0.14067021012306213,-0.24405184388160706,0.7699052691459656,-0.00970392394810915
216,0.00016306772886309773,2,0.13996833562850952,-0.2443336397409439,0.7699246406555176,-0.020689086988568306
216,0.0001321806776104495,3,0.13918393850326538,-0.24573104083538055,0.7701672315597534,-0.018529271706938744
216,0.00012393145880196244,4,0.1384209841489792,-0.2467486709356308,0.7703365683555603,-0.01587551273405552
216,0.0001251272187801078,5,0.1388208121061325,-0.24714785814285278,0.7703396677970886,-0.02041914314031601
216,0.00016818127187434584,6,0.1386478692293167,-0.24747946858406067,0.7702749967575073,-0.015071007423102856
216,0.00028480292530730367,7,0.13926444947719574,-0.24687105417251587,0.7706064581871033,-0.006183675490319729
216,0.000255714199738577,8,0.13931415975093842,-0.24724379181861877,0.7711381316184998,-0.016575681045651436
217,0.00010098837083205581,1,0.13593822717666626,-0.2453060746192932,0.7703378200531006,0.0019112542504444718
217,8.646789501653984e-05,2,0.13520178198814392,-0.24617509543895721,0.7702131271362305,-0.01122095063328743
217,7.935780013212934e-05,3,0.135064959526062,-0.24758651852607727,0.7701956629753113,-0.016795601695775986
217,0.00010166491847485304,4,0.1347491443157196,-0.24783314764499664,0.7700716257095337,-0.013109979219734669
217,0.00011916587391169742,5,0.13479027152061462,-0.24877041578292847,0.7699835896492004,-0.02042991667985916
217,0.0001543897233204916,6,0.13414308428764343,-0.2492348700761795,0.7699807286262512,-0.011318210512399673
217,0.00016938280896283686,7,0.13413679599761963,-0.25041624903678894,0.7700389623641968,-0.01566290855407715
217,0.00013186695287004113,8,0.1345987617969513,-0.25107908248901367,0.770117998123169,-0.012516324408352375
218,0.00034333401708863676,1,0.13708528876304626,-0.24003934860229492,0.769623875617981,-0.011024344712495804
218,0.00025648725568316877,2,0.13655176758766174,-0.2410304844379425,0.7698548436164856,-0.015381484292447567
218,0.00020834861788898706,3,0.13650661706924438,-0.24241769313812256,0.7700722217559814,-0.01564844883978367
218,0.000189557031262666,4,0.13639302551746368,-0.24322247505187988,0.7701605558395386,-0.016873471438884735
218,0.00018070836085826159,5,0.13636526465415955,-0.2441391497850418,0.7702585458755493,-0.01802140846848488
218,0.0001632704515941441,6,0.13602176308631897,-0.24499231576919556,0.770399272441864,-0.014972646720707417
218,0.0001097325948649086,7,0.1357799917459488,-0.24624910950660706,0.770760178565979,-0.015959065407514572
218,0.0001444945955881849,8,0.13585153222084045,-0.24676617980003357,0.7705896496772766,-0.01877286657691002
219,0.00019432893896009773,1,0.13357892632484436,-0.2435128092765808,0.7696589827537537,-0.0177334975451231
219,0.0001286181213799864,2,0.13289782404899597,-0.24411427974700928,0.7699313759803772,-0.016075605526566505
219,0.0001056228720699437,3,0.13271068036556244,-0.24517080187797546,0.7701433300971985,-0.012647559866309166
219,0.0001278554555028677,4,0.1326458752155304,-0.24510207772254944,0.7700531482696533,-0.03011156991124153
219,0.00014958430256228894,5,0.13188490271568298,-0.24554067850112915,0.7700542211532593,-0.006527899764478207
219,0.00012340776447672397,6,0.132370725274086,-0.24636757373809814,0.7701787352561951,-0.013971194624900818
219,0.0001661713613430038,7,0.1322510838508606,-0.2468302845954895,0.7702982425689697,-0.002148647094145417
219,0.00020459546067286283,8,0.13184136152267456,-0.24723726511001587,0.7704997658729553,-0.010062833316624165
220,0.0004315481928642839,1,0.13308824598789215,-0.2378322035074234,0.7694438099861145,-0.008290685713291168
220,0.00029578193789348006,2,0.1313628852367401,-0.23887899518013,0.7698238492012024,-0.012085405178368092
220,0.0003154934383928776,3,0.1303764283657074,-0.23959888517856598,0.7702108025550842,-0.015701860189437866
220,0.00014795918832533062,4,0.1295192837715149,-0.24187396466732025,0.7703754305839539,-0.0177143681794405
220,0.00012042195157846436,5,0.12949083745479584,-0.24313834309577942,0.7704262137413025,-0.010723983868956566
220,0.00015112708206288517,6,0.12901267409324646,-0.24427391588687897,0.7703999876976013,-0.012465937994420528
220,0.00018245635146740824,7,0.12930263578891754,-0.2456146776676178,0.7703414559364319,-0.012035923078656197
220,0.0002542080183047801,8,0.12983137369155884,-0.24586522579193115,0.7703274488449097,-0.014172567054629326
221,0.0004329301882535219,1,0.13392017781734467,-0.23424547910690308,0.7694045305252075,-0.011701579205691814
221,0.0003528405213728547,2,0.13344648480415344,-0.23496274650096893,0.7695344686508179,-0.011891009286046028
221,0.00024462363217025995,3,0.13226719200611115,-0.23624928295612335,0.7699255347251892,-0.012768534012138844
221,0.00014830552390776575,4,0.13121628761291504,-0.23795095086097717,0.7704201936721802,-0.01376124657690525
221,0.00018221139907836914,5,0.13061174750328064,-0.2385454922914505,0.7704138159751892,-0.02172790840268135
221,0.00018254526366945356,6,0.13019180297851562,-0.2398420125246048,0.7705014944076538,-0.013602886348962784
221,0.0002024586865445599,7,0.12982305884361267,-0.24061459302902222,0.7705393433570862,-0.02028762549161911
221,0.00018025196914095432,8,0.12950439751148224,-0.24211101233959198,0.7706531286239624,-0.01365608163177967
222,0.00029681387240998447,1,0.13133947551250458,-0.23128879070281982,0.769794225692749,-0.012363140471279621
222,0.00017623994790483266,2,0.13057753443717957,-0.23325523734092712,0.7703787088394165,-0.009930206462740898
222,9.717237844597548e-05,3,0.13022682070732117,-0.23527488112449646,0.7710332274436951,-0.009642904624342918
222,7.954183092806488e-05,4,0.1306072473526001,-0.2360808402299881,0.7711917757987976,-0.016990672796964645
222,7.423025090247393e-05,5,0.13023963570594788,-0.23763778805732727,0.7712917923927307,-0.012767603620886803
222,8.214281115215272e-05,6,0.13018548488616943,-0.23849669098854065,0.7712181806564331,-0.01237292680889368
222,7.568063301732764e-05,7,0.1297031193971634,-0.23984825611114502,0.7713139653205872,-0.0199014563113451
222,9.943499026121572e-05,8,0.13043898344039917,-0.24019981920719147,0.7710369825363159,-0.014977369457483292
223,0.000330959795974195,1,0.13076582551002502,-0.23847904801368713,0.7693740129470825,-0.006428554654121399
223,0.00015797204105183482,2,0.13033854961395264,-0.2395653873682022,0.7699441909790039,-0.010287972167134285
223,0.00012472696835175157,3,0.13047638535499573,-0.23985525965690613,0.7700876593589783,-0.01870131678879261
223,0.00012195901945233345,4,0.1298379898071289,-0.24078799784183502,0.770233154296875,-0.0112241106107831
223,0.00013716159446630627,5,0.12943920493125916,-0.24139851331710815,0.770261287689209,-0.011941620148718357
223,0.000125732651213184,6,0.1286451369524002,-0.2426176220178604,0.7704008221626282,-0.01918180100619793
223,0.00017432012828066945,7,0.12909075617790222,-0.24313664436340332,0.770264744758606,-0.016280170530080795
223,0.0002143501624232158,8,0.12929001450538635,-0.24363665282726288,0.770338237285614,-0.013996073044836521
224,0.00023541263362858444,1,0.13657772541046143,-0.23893435299396515,0.7702157497406006,-0.012174365110695362
224,0.00019771706138271838,2,0.13585218787193298,-0.23948262631893158,0.7702919244766235,-0.030128203332424164
224,0.00018860079580917954,3,0.13510097563266754,-0.24060580134391785,0.7702854871749878,-0.006763733923435211
224,0.00022140942746773362,4,0.13493476808071136,-0.24142597615718842,0.7702369689941406,-0.011432358995079994
224,0.0001660870766500011,5,0.13386906683444977,-0.24373503029346466,0.7704991698265076,-0.015412774868309498
224,0.00013920693891122937,6,0.13334251940250397,-0.24582386016845703,0.770574152469635,-0.013967106118798256
224,0.00016542058438062668,7,0.13383418321609497,-0.24671992659568787,0.7704967260360718,-0.012491230852901936
224,0.00027455962845124304,8,0.1348327249288559,-0.24636441469192505,0.7705907225608826,-0.012535514310002327
225,0.0003220279177185148,1,0.13238126039505005,-0.2378368228673935,0.7699310779571533,-0.013160370290279388
225,0.00026727429940365255,2,0.1309969425201416,-0.23822596669197083,0.7701340317726135,-0.014342164620757103
225,0.00025575931067578495,3,0.12949302792549133,-0.23950883746147156,0.770557165145874,-0.008277496322989464
225,0.00028184938128106296,4,0.12816168367862701,-0.24076475203037262,0.771030604839325,-0.015619625337421894
225,0.00035048535210080445,5,0.1275332123041153,-0.24207942187786102,0.7716425657272339,-0.016954870894551277
225,0.000399378506699577,6,0.1270858496427536,-0.24324867129325867,0.7719753980636597,-0.015993522480130196
225,0.00046817227848805487,7,0.12702009081840515,-0.24473191797733307,0.7724170684814453,-0.015395860187709332
225,0.0009178061736747622,8,0.12748873233795166,-0.2444140911102295,0.7743218541145325,-0.013661638833582401
226,0.0005278712487779558,1,0.13433602452278137,-0.23254984617233276,0.7690435647964478,-0.008213698863983154
226,0.000387468928238377,2,0.13373011350631714,-0.23446319997310638,0.7694905996322632,-0.017314178869128227
226,0.00030017216340638697,3,0.1333557516336441,-0.23617373406887054,0.7698401808738708,-0.029773037880659103
226,0.0002685990766622126,4,0.13320660591125488,-0.23747090995311737,0.770056962966919,-0.029557328671216965
226,0.00030325603438541293,5,0.1333099603652954,-0.23801006376743317,0.7700849771499634,-0.025771357119083405
226,0.000278646097285673,6,0.1325932890176773,-0.239529088139534,0.7703143954277039,-0.023522481322288513
226,0.00028658017981797457,7,0.13242073357105255,-0.24032680690288544,0.7704163193702698,-0.021806946024298668
226,0.0002493480278644711,8,0.1317841112613678,-0.24174435436725616,0.7705561518669128,-0.02119695395231247
227,0.00019196028006263077,1,0.12808328866958618,-0.23133358359336853,0.7699131965637207,-0.008672446943819523
227,0.00014962923887651414,2,0.12797826528549194,-0.2324158400297165,0.7700902819633484,-0.013445938937366009
227,9.368316386826336e-05,3,0.12751883268356323,-0.23393118381500244,0.7706640958786011,-0.015610292553901672
227,9.328940359409899e-05,4,0.12704749405384064,-0.23506006598472595,0.7707479000091553,-0.01739203743636608
227,9.537844016449526e-05,5,0.12649470567703247,-0.23574326932430267,0.7708640694618225,-0.013497589156031609
227,0.00011632272799033672,6,0.12648159265518188,-0.2361486405134201,0.770717978477478,-0.016688190400600433
227,0.00013282150030136108,7,0.1259881556034088,-0.23647794127464294,0.7706605792045593,-0.018477706238627434
227,0.00013671410852111876,8,0.12575466930866241,-0.23754209280014038,0.7706842422485352,-0.015267647802829742
228,0.00012025383330183104,1,0.13096071779727936,-0.23688186705112457,0.7707751393318176,-0.026367560029029846
228,0.00012702317326329648,2,0.13028033077716827,-0.23767776787281036,0.7707903385162354,-0.025473996996879578
228,0.0001410715631209314,3,0.12968941032886505,-0.23863746225833893,0.7707599401473999,-0.020991479977965355
228,0.0001682048459770158,4,0.12909966707229614,-0.23930135369300842,0.7706857323646545,-0.031011302024126053
228,0.00025572150480002165,5,0.1289833039045334,-0.23947033286094666,0.77049320936203,-0.028910571709275246
228,0.0003340922121424228,6,0.1289733499288559,-0.24025671184062958,0.7707518935203552,0.003567167092114687
228,0.0004109012079425156,7,0.1286325603723526,-0.24164851009845734,0.771399974822998,0.0005497511592693627
228,0.0006957607110962272,8,0.12793444097042084,-0.2419540137052536,0.7726606130599976,-0.0025555724278092384
229,0.00014526961604133248,1,0.12721256911754608,-0.23526692390441895,0.7702186703681946,-0.014721851795911789
229,0.00017402766388840973,2,0.12732380628585815,-0.23531953990459442,0.77000892162323,-0.010032527148723602
229,0.0001922537194332108,3,0.1267489343881607,-0.2356899082660675,0.7700321674346924,-0.01456468552350998
229,0.00027189136017113924,4,0.12681710720062256,-0.23607777059078217,0.7701311707496643,-0.013500208035111427
229,0.0002415787457721308,5,0.12581506371498108,-0.23756834864616394,0.7705540657043457,-0.013017474673688412
229,0.0001374978746753186,6,0.12514400482177734,-0.23995625972747803,0.770681619644165,-0.008133143186569214
229,0.00019797061395365745,7,0.12499206513166428,-0.24059799313545227,0.7707040905952454,-0.013435044325888157
229,0.0003740208921954036,8,0.12501053512096405,-0.23986667394638062,0.7709575295448303,-0.019105002284049988
230,0.00040824388270266354,1,0.13316097855567932,-0.23093581199645996,0.7700073719024658,-0.010103537701070309
230,0.0002269578690174967,2,0.13216686248779297,-0.23291200399398804,0.7705456614494324,-0.014930651523172855
230,0.00016277660324703902,3,0.13143016397953033,-0.23499958217144012,0.770878791809082,-0.019863219931721687
230,0.00014582711446564645,4,0.1313275694847107,-0.2366914600133896,0.7709099054336548,-0.020211070775985718
230,8.812979649519548e-05,5,0.13085277378559113,-0.23837964236736298,0.7714112997055054,-0.014557728543877602
230,9.34975323616527e-05,6,0.13125494122505188,-0.23881325125694275,0.7713425755500793,-0.002207754645496607
230,0.00016250628686975688,7,0.13150404393672943,-0.23898351192474365,0.7708402872085571,-0.016115235164761543
230,0.00023389664420392364,8,0.1315152496099472,-0.23918528854846954,0.7705475687980652,-0.01476443000137806
231,0.0001294569083256647,1,0.12940460443496704,-0.2287033498287201,0.7704721093177795,-0.013232855126261711
231,8.706046355655417e-05,2,0.12885907292366028,-0.22976592183113098,0.7708264589309692,-0.014707949943840504
231,6.737351213814691e-05,3,0.1283637285232544,-0.23115628957748413,0.7710840702056885,-0.0196361243724823
231,6.081762694520876e-05,4,0.12807194888591766,-0.23234915733337402,0.7711752653121948,-0.022118763998150826
231,5.626678466796875e-05,5,0.12757475674152374,-0.23342756927013397,0.7713330388069153,-0.015369294211268425
231,6.04912856942974e-05,6,0.1270628273487091,-0.23411235213279724,0.7713997960090637,-0.015991076827049255
231,5.636200512526557e-05,7,0.1272609531879425,-0.23495391011238098,0.771573543548584,-0.00700481329113245
231,6.392830982804298e-05,8,0.12694424390792847,-0.23578253388404846,0.7715351581573486,-0.013580946251749992
232,9.877939737634733e-05,1,0.1324193775653839,-0.22531729936599731,0.7707522511482239,-0.01772676780819893
232,8.170571527443826e-05,2,0.13191986083984375,-0.22722557187080383,0.7709562182426453,-0.0198659710586071
232,7.559112418675795e-05,3,0.13144558668136597,-0.229173943400383,0.7710273265838623,-0.02685016207396984
232,6.987723463680595e-05,4,0.13069137930870056,-0.23110485076904297,0.7711433172225952,-0.026424158364534378
232,6.766369915567338e-05,5,0.13024753332138062,-0.23234955966472626,0.7712522149085999,-0.01543198898434639
232,6.840095011284575e-05,6,0.12984052300453186,-0.23323900997638702,0.7713661789894104,-0.0036889160983264446
232,6.0983024013694376e-05,7,0.13003528118133545,-0.23373760282993317,0.7715590596199036,-0.002957262797281146
232,5.0017453759210184e-05,8,0.12975147366523743,-0.234926238656044,0.7718504071235657,-0.009228140115737915
233,4.896217069472186e-05,1,0.12514741718769073,-0.2270369827747345,0.7717082500457764,-0.01721874251961708
233,4.503076706896536e-05,2,0.12466947734355927,-0.228378564119339,0.7716110944747925,-0.020610623061656952
233,4.244322553859092e-05,3,0.12416583299636841,-0.22933347523212433,0.7716655135154724,-0.009910243563354015
233,4.7334884584415704e-05,4,0.1245604157447815,-0.23004141449928284,0.7715010643005371,-0.012241306714713573
233,5.151329969521612e-05,5,0.12465318292379379,-0.2306755632162094,0.7713956236839294,-0.014701349660754204
233,5.243186024017632e-05,6,0.12433221191167831,-0.23141920566558838,0.7714471220970154,-0.018805183470249176
233,4.988816726836376e-05,7,0.12395748496055603,-0.23306044936180115,0.7716104984283447,-0.01688973978161812
233,4.124884435441345e-05,8,0.12435683608055115,-0.23395247757434845,0.7719804048538208,-0.0036657259333878756
234,7.205081055872142e-05,1,0.12728175520896912,-0.22675278782844543,0.771156370639801,-0.01959828846156597
234,6.361348641803488e-05,2,0.12653648853302002,-0.22782889008522034,0.7714511156082153,-0.016788575798273087
234,5.866299397894181e-05,3,0.12666873633861542,-0.22865456342697144,0.7715194225311279,-0.029541660100221634
234,4.4512024032883346e-05,4,0.1266399472951889,-0.22925803065299988,0.7719181180000305,-0.00939883291721344
234,3.444538378971629e-05,5,0.12619513273239136,-0.2303563356399536,0.7723750472068787,-0.007704520132392645
234,4.5992856030352414e-05,6,0.12611228227615356,-0.2312002182006836,0.7719915509223938,-0.013095483183860779
234,5.589670399785973e-05,7,0.12658438086509705,-0.23157282173633575,0.7716515064239502,-0.01341711264103651
234,5.9683363360818475e-05,8,0.12652316689491272,-0.2325061410665512,0.7714667320251465,-0.020659323781728745
235,6.695655611110851e-05,1,0.12101715803146362,-0.22684906423091888,0.771366536617279,-0.013171800412237644
235,6.857971311546862e-05,2,0.12175076454877853,-0.22739532589912415,0.7711742520332336,-0.01521244179457426
235,6.843918527010828e-05,3,0.12203863263130188,-0.2280285358428955,0.7711309194564819,-0.012628098949790001
235,4.848345633945428e-05,4,0.12199097871780396,-0.22963233292102814,0.7716724872589111,-0.006552408915013075
235,4.319763320381753e-05,5,0.12223485112190247,-0.2306572049856186,0.7719106674194336,-0.009915385395288467
235,5.595526454271749e-05,6,0.12253482639789581,-0.2313353270292282,0.7715784907341003,-0.013192863203585148
235,6.150303670438007e-05,7,0.12249220907688141,-0.2324100285768509,0.7714791893959045,-0.01375801395624876
235,7.321719749597833e-05,8,0.12284903228282928,-0.23310287296772003,0.7712274789810181,-0.016717184334993362
236,5.5596396123291925e-05,1,0.12947730720043182,-0.22997264564037323,0.7720139622688293,-0.018490729853510857
236,4.91827231599018e-05,2,0.12884505093097687,-0.2309580147266388,0.7720035910606384,-0.020246561616659164
236,4.055217141285539e-05,3,0.1283726543188095,-0.23187926411628723,0.7721996903419495,-0.01824929006397724
236,4.3160653149243444e-05,4,0.12792673707008362,-0.23320022225379944,0.7720237374305725,-0.01693292148411274
236,4.455028465599753e-05,5,0.12744370102882385,-0.2347331941127777,0.7718908786773682,-0.011273852549493313
236,3.8998554373392835e-05,6,0.1284632682800293,-0.23610994219779968,0.7717953324317932,-0.015615572221577168
236,5.080347546027042e-05,7,0.1287589818239212,-0.2372836470603943,0.7713033556938171,-0.014083690010011196
236,6.192499859025702e-05,8,0.12816809117794037,-0.23823073506355286,0.7710344791412354,-0.015894336625933647
237,9.505882917437702e-05,1,0.1227492243051529,-0.22886256873607635,0.7704190015792847,-0.012843869626522064
237,7.174420898081735e-05,2,0.12226028740406036,-0.22985219955444336,0.7707083225250244,-0.01025440264493227
237,8.22256479295902e-05,3,0.1215057224035263,-0.23112007975578308,0.7705398201942444,-0.016094449907541275
237,9.044160833582282e-05,4,0.12058750540018082,-0.23260803520679474,0.7705098986625671,-0.016547024250030518
237,8.050861652009189e-05,5,0.12077207863330841,-0.23384201526641846,0.7706127762794495,-0.016889134421944618
237,0.00011535027442732826,6,0.12011545896530151,-0.23474012315273285,0.7704067230224609,-0.014788051135838032
237,0.00010459154145792127,7,0.12092366814613342,-0.23602524399757385,0.7704590559005737,-0.017430473119020462
237,0.00020653331011999398,8,0.12049226462841034,-0.23585525155067444,0.770499587059021,-0.014988535083830357
238,3.345522054587491e-05,1,0.12627826631069183,-0.22593453526496887,0.7726092338562012,-0.015926159918308258
238,3.462038512225263e-05,2,0.12527400255203247,-0.2271479070186615,0.7723669409751892,-0.01741611212491989
238,3.6065361200599e-05,3,0.12422661483287811,-0.2284986972808838,0.7721874713897705,-0.01842242106795311
238,3.297151124570519e-05,4,0.12354403734207153,-0.22996768355369568,0.772346019744873,-0.013860625214874744
238,4.350683229858987e-05,5,0.12323625385761261,-0.2307782769203186,0.7717233896255493,-0.023234784603118896
238,3.480460145510733e-05,6,0.12294690310955048,-0.23232771456241608,0.7719694375991821,-0.015572934411466122
238,3.7758247344754636e-05,7,0.1222982183098793,-0.2339625209569931,0.7718871235847473,-0.01239807065576315
238,5.21356487297453e-05,8,0.12232637405395508,-0.23434588313102722,0.7714352011680603,-0.01653624139726162
239,3.394797022338025e-05,1,0.12180481851100922,-0.2276773452758789,0.7718920111656189,-0.017359236255288124
239,3.4243206755490974e-05,2,0.1214798167347908,-0.22811603546142578,0.7716377973556519,-0.02512258291244507
239,3.331088009872474e-05,3,0.12053920328617096,-0.22913435101509094,0.7716189026832581,-0.026194337755441666
239,4.065668326802552e-05,4,0.11963452398777008,-0.22969834506511688,0.7713380455970764,-0.015249108895659447
239,4.005868686363101e-05,5,0.11876990646123886,-0.23118644952774048,0.7714167833328247,-0.01424411591142416
239,3.6813118640566245e-05,6,0.1190636157989502,-0.23222404718399048,0.7716460824012756,-0.0023881075903773308
239,3.660719812614843e-05,7,0.11972857266664505,-0.23319852352142334,0.7716764211654663,-0.008477097377181053
239,3.736932558240369e-05,8,0.12007038295269012,-0.23373988270759583,0.7717205882072449,-0.0073743537068367004
240,5.229932503425516e-05,1,0.12303562462329865,-0.22411395609378815,0.7713483572006226,-0.021286286413669586
240,4.534923209575936e-05,2,0.12165087461471558,-0.2257634848356247,0.7714849710464478,-0.019794920459389687
240,3.650286453193985e-05,3,0.12100840359926224,-0.22737450897693634,0.7718734741210938,-0.01498192548751831
240,4.989083026885055e-05,4,0.12039264291524887,-0.22820352017879486,0.7714849710464478,-0.010681343264877796
240,4.1848918044706807e-05,5,0.11984498798847198,-0.2297070175409317,0.7718448042869568,-0.01342995185405016
240,5.785912071587518e-05,6,0.11968839168548584,-0.23050715029239655,0.7714398503303528,-0.01661364547908306
240,4.695341704064049e-05,7,0.1197916567325592,-0.23173891007900238,0.7716711759567261,-0.011852237395942211
240,5.8324461861047894e-05,8,0.11972618103027344,-0.2319820672273636,0.7714614868164062,-0.012707723304629326
241,7.706000906182453e-05,1,0.1215154305100441,-0.2202870398759842,0.7704694271087646,-0.021401068195700645
241,5.163664900464937e-05,2,0.12019386887550354,-0.22212202847003937,0.7709214091300964,-0.02106611244380474
241,5.408813740359619e-05,3,0.11873532831668854,-0.22355757653713226,0.7708390355110168,-0.020486298948526382
241,4.146173159824684e-05,4,0.11813552677631378,-0.2259349673986435,0.7713069319725037,-0.0038031842559576035
241,5.8660589274950325e-05,5,0.11743508279323578,-0.22675298154354095,0.7708614468574524,-0.012779917567968369
241,4.7713441745145246e-05,6,0.11763720214366913,-0.2281363606452942,0.7711759805679321,-0.006595330778509378
241,5.847772990819067e-05,7,0.11743152886629105,-0.22937749326229095,0.7710126638412476,-0.012046510353684425
241,5.45607581443619e-05,8,0.11816006153821945,-0.2302400916814804,0.7711262702941895,-0.01109359785914421
242,8.644423360237852e-05,1,0.1279844045639038,-0.21794281899929047,0.771741509437561,-0.024727854877710342
242,8.639058796688914e-05,2,0.1269996464252472,-0.2203630805015564,0.7714977264404297,-0.03351965919137001
242,6.832141662016511e-05,3,0.1261313408613205,-0.22290508449077606,0.7717342376708984,-0.023715488612651825
242,6.975872383918613e-05,4,0.12553806602954865,-0.22493676841259003,0.7715775370597839,-0.027280880138278008
242,5.7418357755523175e-05,5,0.1255047619342804,-0.22668586671352386,0.7718361616134644,-0.01623360626399517
242,5.0489728891989216e-05,6,0.12559732794761658,-0.22820080816745758,0.7720465064048767,-0.011968023143708706
242,4.9533289711689577e-05,7,0.12576493620872498,-0.22887016832828522,0.7721547484397888,0.0017222409369423985
242,4.895787060377188e-05,8,0.12571638822555542,-0.2298905849456787,0.7722917795181274,-0.006510348990559578
243,3.627435216913e-05,1,0.12530918419361115,-0.2233847975730896,0.7718911170959473,-0.026152782142162323
243,4.2732717702165246e-05,2,0.12488448619842529,-0.22394630312919617,0.77162104845047,-0.012085536494851112
243,4.271503348718397e-05,3,0.12374593317508698,-0.22584955394268036,0.7716522812843323,-0.02139023318886757
243,4.860938133788295e-05,4,0.12365759909152985,-0.2264416366815567,0.7714940905570984,-0.006844607647508383
243,4.9816284445114434e-05,5,0.12331363558769226,-0.2277657389640808,0.7714540958404541,-0.021686570718884468
243,5.5933440307853743e-05,6,0.12300828099250793,-0.22809933125972748,0.7713766694068909,-0.001510003348812461
243,6.70883382554166e-05,7,0.12302520871162415,-0.22848524153232574,0.7711765766143799,-0.011901188641786575
243,6.872904486954212e-05,8,0.12267138063907623,-0.22960436344146729,0.7711615562438965,-0.017012864351272583
244,3.0441002309089527e-05,1,0.12593042850494385,-0.21974791586399078,0.7718372941017151,-0.014368891716003418
244,3.337676389492117e-05,2,0.12430921196937561,-0.22056472301483154,0.7716337442398071,-0.011615223251283169
244,3.6164790799375623e-05,3,0.12282132357358932,-0.22180046141147614,0.7714766263961792,-0.01508821826428175
244,3.9162649045465514e-05,4,0.12202173471450806,-0.2236941158771515,0.7712798714637756,-0.017434721812605858
244,4.436412200448103e-05,5,0.12167145311832428,-0.2249090075492859,0.7710601687431335,-0.01737620308995247
244,5.8095982240047306e-05,6,0.12135003507137299,-0.22531938552856445,0.7707018852233887,-0.017123745754361153
244,6.278284126892686e-05,7,0.12099388986825943,-0.22664834558963776,0.7705855965614319,-0.015222892165184021
244,5.02383045386523e-05,8,0.12158147990703583,-0.22866925597190857,0.770856499671936,-0.009968608617782593
245,2.9038266802672297e-05,1,0.1213827058672905,-0.21671919524669647,0.7725732326507568,-0.009069325402379036
245,3.069771628361195e-05,2,0.120561882853508,-0.2172129899263382,0.7724729180335999,-0.015678927302360535
245,3.146657400066033e-05,3,0.1199197918176651,-0.21847772598266602,0.7724239230155945,-0.012918691150844097
245,3.339644172228873e-05,4,0.1194310113787651,-0.21916571259498596,0.7722979784011841,-0.016752971336245537
245,3.85070416086819e-05,5,0.11886128783226013,-0.21931231021881104,0.7720237970352173,-0.019282925873994827
245,3.9924558222992346e-05,6,0.11833706498146057,-0.22041824460029602,0.7719160318374634,-0.015067629516124725
245,3.444328103796579e-05,7,0.11875022202730179,-0.22232452034950256,0.7722233533859253,-0.007087375037372112
245,3.169612682540901e-05,8,0.11940781027078629,-0.2237665355205536,0.7724250555038452,-0.007967788726091385
246,3.780558836297132e-05,1,0.12196628004312515,-0.21728043258190155,0.7717015743255615,-0.019874949008226395
246,3.778677273658104e-05,2,0.12147074192762375,-0.21817724406719208,0.7717042565345764,-0.020329270511865616
246,3.937088331440464e-05,3,0.11983418464660645,-0.21981248259544373,0.7716227173805237,-0.0315115787088871
246,3.519894016790204e-05,4,0.11961864680051804,-0.22103817760944366,0.7720562815666199,-0.001978471875190735
246,4.499286660575308e-05,5,0.11861523240804672,-0.2215895801782608,0.7718217968940735,-0.006795761175453663
246,5.241096732788719e-05,6,0.11813072115182877,-0.22269155085086823,0.7717058062553406,-0.017669353634119034
246,6.62105594528839e-05,7,0.1180306077003479,-0.222774475812912,0.7714361548423767,-0.01697913371026516
246,5.927322854404338e-05,8,0.1182185485959053,-0.22433391213417053,0.7717454433441162,-0.015581300482153893
247,3.513464980642311e-05,1,0.12396614253520966,-0.22013679146766663,0.771855354309082,-0.015364431776106358
247,4.013841680716723e-05,2,0.12250053882598877,-0.22060264647006989,0.7715281248092651,-0.018981754779815674
247,4.719628122984432e-05,3,0.12087464332580566,-0.22052432596683502,0.7712447643280029,-0.023674435913562775
247,5.144167153048329e-05,4,0.11982466280460358,-0.22111789882183075,0.7709782719612122,-0.02234613336622715
247,5.106450043967925e-05,5,0.11909659206867218,-0.22242243587970734,0.770844578742981,-0.006882535293698311
247,5.809747744933702e-05,6,0.11870802193880081,-0.22318966686725616,0.7704806327819824,-0.016104748472571373
247,6.034103353158571e-05,7,0.11803266406059265,-0.22447635233402252,0.7703988552093506,-0.016597924754023552
247,5.0548649596748874e-05,8,0.1187298446893692,-0.22690628468990326,0.7706159949302673,-0.010011734440922737
248,3.43716201314237e-05,1,0.1239854097366333,-0.2221028357744217,0.7717998623847961,-0.03259146586060524
248,4.1277256968896836e-05,2,0.12091901153326035,-0.22281315922737122,0.7715096473693848,-0.019514063373208046
248,4.9750437028706074e-05,3,0.11875098943710327,-0.22311463952064514,0.7711910605430603,-0.015167721547186375
248,4.3184783862670884e-05,4,0.11835277080535889,-0.22491642832756042,0.7713910341262817,-0.014064447954297066
248,4.926430119667202e-05,5,0.11708198487758636,-0.22607600688934326,0.77122962474823,-0.015425504185259342
248,5.279144170344807e-05,6,0.1167185828089714,-0.2277640998363495,0.7712135910987854,-0.017497673630714417
248,4.8698977479944006e-05,7,0.11766976118087769,-0.228672593832016,0.7713037729263306,-0.010152245871722698
248,4.4110587623436004e-05,8,0.11828447133302689,-0.22972309589385986,0.7715073227882385,-0.01612989790737629
249,2.8832115276600234e-05,1,0.12752759456634521,-0.2182326465845108,0.7731567025184631,-0.017083454877138138
249,3.131736593786627e-05,2,0.1254878044128418,-0.21925602853298187,0.7728748321533203,-0.023563094437122345
249,3.3702592190820724e-05,3,0.12375284731388092,-0.220195934176445,0.772534191608429,-0.02514064870774746
249,3.7450452509801835e-05,4,0.12193134427070618,-0.22114570438861847,0.772091269493103,-0.017256543040275574
249,4.147193249082193e-05,5,0.12060095369815826,-0.22230695188045502,0.7717083096504211,-0.01969027705490589
249,5.4051994084147736e-05,6,0.11959519982337952,-0.22283001244068146,0.7711731791496277,-0.019047431647777557
249,5.3307296184357256e-05,7,0.11895760893821716,-0.22494599223136902,0.771109938621521,-0.006456880364567041
249,5.353286542231217e-05,8,0.11869852244853973,-0.22658240795135498,0.7711527347564697,-0.013266188092529774
250,2.7665560992318206e-05,1,0.12332502007484436,-0.21814298629760742,0.7729719877243042,-0.01783263497054577
250,3.282815669081174e-05,2,0.12202940136194229,-0.2190340906381607,0.7725445032119751,-0.020922353491187096
250,3.397183900233358e-05,3,0.12047591805458069,-0.22028258442878723,0.7723909616470337,-0.020178964361548424
250,3.466233829385601e-05,4,0.11967606842517853,-0.22145989537239075,0.7722077965736389,-0.026896163821220398
250,3.9966766053112224e-05,5,0.11866539716720581,-0.22178345918655396,0.7719067335128784,-0.005500908009707928
250,3.925324563169852e-05,6,0.11782209575176239,-0.22341348230838776,0.7719642519950867,-0.014761364087462425
250,4.049802737426944e-05,7,0.11749565601348877,-0.22499193251132965,0.7720651030540466,-0.013401108793914318
250,3.951969847548753e-05,8,0.1184389740228653,-0.22558782994747162,0.7722227573394775,-0.007823147810995579
251,3.0447823519352823e-05,1,0.122416190803051,-0.21487784385681152,0.7731142044067383,-0.013799701817333698
251,3.54338189936243e-05,2,0.12105794250965118,-0.21550461649894714,0.7727927565574646,-0.026124777272343636
251,3.900104638887569e-05,3,0.11964963376522064,-0.21599669754505157,0.7725135684013367,-0.025360804051160812
251,4.03388767153956e-05,4,0.118305504322052,-0.2167271375656128,0.7722079753875732,-0.016614548861980438
251,3.512691182550043e-05,5,0.11836884915828705,-0.21786066889762878,0.7721030116081238,-0.005700875539332628
251,3.2907268177950755e-05,6,0.11767328530550003,-0.2196454256772995,0.7720352411270142,-0.0067772530019283295
251,3.3769701985875145e-05,7,0.11680608987808228,-0.22139708697795868,0.7719985246658325,-0.013995691202580929
251,3.44649342878256e-05,8,0.11689766496419907,-0.2232593446969986,0.7720557451248169,-0.010330254212021828
252,2.704262442421168e-05,1,0.12091615796089172,-0.21427775919437408,0.7722236514091492,-0.013656433671712875
252,3.148947507725097e-05,2,0.11882087588310242,-0.2152072936296463,0.7718154788017273,-0.025592776015400887
252,3.428735362831503e-05,3,0.11739088594913483,-0.21620962023735046,0.7714820504188538,-0.031858742237091064
252,3.535888026817702e-05,4,0.11612199991941452,-0.21772713959217072,0.7714207172393799,-0.0289001502096653
252,3.676480628200807e-05,5,0.11544956266880035,-0.2189706712961197,0.7715188264846802,-0.008697260171175003
252,4.054250166518614e-05,6,0.1153176799416542,-0.21958260238170624,0.7715323567390442,0.00717574218288064
252,3.678865687106736e-05,7,0.116217240691185,-0.22065667808055878,0.7718943953514099,0.0024865115992724895
252,3.539720637490973e-05,8,0.11666646599769592,-0.2217862904071808,0.7721773982048035,-0.014546546153724194
253,4.690969217335805e-05,1,0.12848015129566193,-0.20909319818019867,0.7719045281410217,-0.012503648176789284
253,5.2746854635188356e-05,2,0.12657935917377472,-0.20974835753440857,0.7713295817375183,-0.016521940007805824
253,4.890099444310181e-05,3,0.12466424703598022,-0.21135692298412323,0.771070659160614,-0.016050172969698906
253,4.5468750613508746e-05,4,0.1226213276386261,-0.21364843845367432,0.7711797952651978,-0.014099983498454094
253,4.944258398609236e-05,5,0.12151225656270981,-0.21496227383613586,0.7710320949554443,-0.013988916762173176
253,3.958717570640147e-05,6,0.12176032364368439,-0.21739716827869415,0.7715451121330261,-0.002686392283067107
253,4.964332765666768e-05,7,0.12147653102874756,-0.21793439984321594,0.7711310386657715,-0.014587324112653732
253,4.4607120798900723e-05,8,0.12226538360118866,-0.2192227989435196,0.7711443901062012,-0.010426677763462067
254,4.1275681724073365e-05,1,0.12591595947742462,-0.2128603160381317,0.772271454334259,-0.0073723322711884975
254,4.812003317056224e-05,2,0.12380567193031311,-0.2141445428133011,0.7719820141792297,-0.021879034116864204
254,4.803837509825826e-05,3,0.12209057062864304,-0.21592046320438385,0.7719104290008545,-0.013713696971535683
254,5.739777770941146e-05,4,0.12025948613882065,-0.21721109747886658,0.7714617848396301,-0.016981830820441246
254,4.3713189370464534e-05,5,0.11995445191860199,-0.21955974400043488,0.7717779874801636,-0.009272519499063492
254,5.616444832412526e-05,6,0.11884443461894989,-0.220857635140419,0.7713545560836792,-0.018863219767808914
254,7.342310709645972e-05,7,0.11787451803684235,-0.2217555046081543,0.7709742188453674,-0.015029343776404858
254,6.010671495459974e-05,8,0.11853796988725662,-0.22370266914367676,0.7711939811706543,-0.012226201593875885
255,3.569639738998376e-05,1,0.12828651070594788,-0.21618783473968506,0.772823691368103,-0.010315416380763054
255,3.9695481973467395e-05,2,0.12622112035751343,-0.2171606868505478,0.7724447846412659,-0.021606069058179855
255,4.0910807001637295e-05,3,0.12392538040876389,-0.21849332749843597,0.7721238732337952,-0.01732911914587021
255,4.400550824357197e-05,4,0.12205114960670471,-0.21972420811653137,0.7717651128768921,-0.017003420740365982
255,4.087711204192601e-05,5,0.12084043771028519,-0.22183269262313843,0.7717331051826477,-0.019815213978290558
255,3.4565422538435087e-05,6,0.12108980864286423,-0.2237653285264969,0.7719558477401733,-0.005396838299930096
255,4.3953335989499465e-05,7,0.12059537321329117,-0.22439996898174286,0.7715161442756653,-0.013555976562201977
255,5.108724508318119e-05,8,0.12019067257642746,-0.22527331113815308,0.7712347507476807,-0.017469152808189392
256,3.545501022017561e-05,1,0.12866348028182983,-0.2184542417526245,0.7719396948814392,-0.014092287048697472
256,4.1873587178997695e-05,2,0.12746664881706238,-0.21907901763916016,0.7711679935455322,-0.01133697759360075
256,3.1948613468557596e-05,3,0.12648189067840576,-0.22156193852424622,0.7712882161140442,-0.020824914798140526
256,3.470034062047489e-05,4,0.12468576431274414,-0.22366595268249512,0.7709928750991821,-0.036398354917764664
256,2.836044950527139e-05,5,0.124534472823143,-0.22641073167324066,0.7713791728019714,-0.015128593891859055
256,3.9693968574283645e-05,6,0.12398550659418106,-0.22775176167488098,0.7710025906562805,-0.013145450502634048
256,3.8630627386737615e-05,7,0.12486463785171509,-0.22850655019283295,0.771066427230835,0.0006312426994554698
256,5.3760471928399056e-05,8,0.12445709109306335,-0.22902563214302063,0.7707728147506714,-0.008300001733005047
257,4.41304910054896e-05,1,0.12308959662914276,-0.21446023881435394,0.7717366814613342,-0.019029701128602028
257,3.6110410292167217e-05,2,0.12177645415067673,-0.21653127670288086,0.771867036819458,-0.01608024723827839
257,3.993308564531617e-05,3,0.11989828944206238,-0.21760769188404083,0.7715807557106018,-0.021133778616786003
257,3.6905774322804064e-05,4,0.11941200494766235,-0.21939559280872345,0.771664559841156,-0.02171258255839348
257,3.730042953975499e-05,5,0.11881808936595917,-0.22126001119613647,0.7716941833496094,-0.01965261995792389
257,3.367104727658443e-05,6,0.11949577927589417,-0.22313790023326874,0.7720221281051636,-0.00745890149846673
257,3.386703610885888e-05,7,0.12017582356929779,-0.22422468662261963,0.7720434069633484,-0.005091086961328983
257,3.7007946957601234e-05,8,0.12032178044319153,-0.2244763970375061,0.7718826532363892,-0.005123048089444637
258,2.7367517759557813e-05,1,0.12231048196554184,-0.21698787808418274,0.7724051475524902,-0.024505725130438805
258,3.1816507544135675e-05,2,0.12033620476722717,-0.21792398393154144,0.7719452381134033,-0.02061169594526291
258,3.591273707570508e-05,3,0.1186133623123169,-0.21902063488960266,0.771575927734375,-0.02382885478436947
258,3.928874502889812e-05,4,0.11710956692695618,-0.22032926976680756,0.7714272737503052,-0.018350766971707344
258,3.5000048228539526e-05,5,0.1171446144580841,-0.22208619117736816,0.7717761397361755,-0.0034333046060055494
258,3.4331817005295306e-05,6,0.11748896539211273,-0.22358916699886322,0.7719652652740479,-0.009414289146661758
258,4.654726944863796e-05,7,0.11702579259872437,-0.22363920509815216,0.7716171741485596,-0.004560613073408604
258,6.451088847825304e-05,8,0.11718462407588959,-0.22360138595104218,0.7711378931999207,-0.017499694600701332
259,4.3515294237295166e-05,1,0.12274371087551117,-0.21130795776844025,0.7714676260948181,-0.012122202664613724
259,4.988169530406594e-05,2,0.1210363432765007,-0.2116042673587799,0.770889163017273,-0.02063559740781784
259,5.103942385176197e-05,3,0.11913824081420898,-0.21244439482688904,0.7707727551460266,-0.016854051500558853
259,4.068216003361158e-05,4,0.11883758008480072,-0.21462345123291016,0.7713115215301514,-0.004953228868544102
259,4.913602606393397e-05,5,0.1181199699640274,-0.21531090140342712,0.7708003520965576,-0.021013591438531876
259,5.3256484534358606e-05,6,0.1171768307685852,-0.21619616448879242,0.7707089185714722,-0.014297274872660637
259,5.2656992920674384e-05,7,0.11729288101196289,-0.21786518394947052,0.7708246111869812,-0.010514514520764351
259,6.004049282637425e-05,8,0.1176731064915657,-0.2185024917125702,0.7707628011703491,-0.014840787276625633
260,5.0772672693710774e-05,1,0.12267985939979553,-0.21695582568645477,0.7720363736152649,-0.01429497729986906
260,5.795736433356069e-05,2,0.12100512534379959,-0.21893665194511414,0.7716411352157593,-0.020185424014925957
260,6.875677354400977e-05,3,0.11977587640285492,-0.22011765837669373,0.7712254524230957,-0.015658676624298096
260,6.611402932321653e-05,4,0.11872908473014832,-0.2220890372991562,0.7712863683700562,-0.015806782990694046
260,7.126050331862643e-05,5,0.11807620525360107,-0.2234293520450592,0.7712672352790833,-0.01706854999065399
260,7.83600626164116e-05,6,0.11801254749298096,-0.2248743772506714,0.7711442708969116,-0.0161349568516016
260,9.391509229317307e-05,7,0.11802354454994202,-0.22554686665534973,0.7708924412727356,-0.017834363505244255
260,7.516924961237237e-05,8,0.11877105385065079,-0.227488175034523,0.7713033556938171,-0.010706933215260506
261,2.636817589518614e-05,1,0.1235182136297226,-0.21793121099472046,0.7731144428253174,-0.021070199087262154
261,2.858601146726869e-05,2,0.12140470743179321,-0.2183113992214203,0.7727209329605103,-0.017530497163534164
261,3.188168557244353e-05,3,0.11930474638938904,-0.21881261467933655,0.772242546081543,-0.018768884241580963
261,3.6223707866156474e-05,4,0.11723273992538452,-0.2194606363773346,0.7717326879501343,-0.01923493668437004
261,3.466587804723531e-05,5,0.11633815616369247,-0.22152374684810638,0.7717187404632568,-0.0168132483959198
261,4.026807800983079e-05,6,0.11579342186450958,-0.22262178361415863,0.7714657783508301,-0.009912843815982342
261,4.267541953595355e-05,7,0.11597763001918793,-0.22417272627353668,0.7714101076126099,-0.009564456529915333
261,5.389727448346093e-05,8,0.11596305668354034,-0.22441229224205017,0.7711427807807922,-0.012994040735065937
262,2.5403289328096434e-05,1,0.12322795391082764,-0.21893465518951416,0.7730374336242676,-0.020556898787617683
262,2.9139131584088318e-05,2,0.11993846297264099,-0.22037458419799805,0.7723392844200134,-0.028465334326028824
262,3.62935898010619e-05,3,0.11745386570692062,-0.2213483303785324,0.7715653777122498,-0.008408031426370144
262,3.5697452403837815e-05,4,0.11630028486251831,-0.22376567125320435,0.771448016166687,-0.01595131866633892
262,4.3781772546935827e-05,5,0.11522093415260315,-0.22470052540302277,0.7710171341896057,-0.01591622270643711
262,4.6471384848700836e-05,6,0.11516843736171722,-0.22647178173065186,0.7709893584251404,-0.010652326047420502
262,5.634163608192466e-05,7,0.11537076532840729,-0.2270045280456543,0.770806610584259,-0.0066172340884804726
262,6.487814971478656e-05,8,0.11574550718069077,-0.22774294018745422,0.7706670165061951,-0.013236483559012413
263,3.422991721890867e-05,1,0.12072432041168213,-0.21483956277370453,0.7726568579673767,-0.027091506868600845
263,3.260971061536111e-05,2,0.12014841288328171,-0.21561278402805328,0.7723855972290039,-0.036025796085596085
263,3.329878018121235e-05,3,0.1188156008720398,-0.21664607524871826,0.7722235918045044,-0.022820869460701942
263,3.475153789622709e-05,4,0.11784005910158157,-0.21810825169086456,0.7721330523490906,-0.020751388743519783
263,3.611505962908268e-05,5,0.11747738718986511,-0.21984781324863434,0.7721574902534485,-0.025913218036293983
263,3.856006878777407e-05,6,0.11734317243099213,-0.22059059143066406,0.7721164226531982,0.006145651452243328
263,3.493878830340691e-05,7,0.11803176999092102,-0.22174328565597534,0.7723740935325623,-0.00037968947435729206
263,3.351049235789105e-05,8,0.11853837966918945,-0.22247834503650665,0.7726001143455505,-0.0005865198327228427
264,2.2950474885874428e-05,1,0.12799249589443207,-0.21648062765598297,0.7727408409118652,-0.010510116815567017
264,2.620165832922794e-05,2,0.12611350417137146,-0.21694546937942505,0.7725468277931213,-0.006485151592642069
264,2.9177839678595774e-05,3,0.12456382811069489,-0.2176029086112976,0.7721983194351196,-0.01677599921822548
264,2.5400529921171255e-05,4,0.12399238348007202,-0.2190738022327423,0.7724774479866028,-0.014040209352970123
264,2.980172030220274e-05,5,0.12267373502254486,-0.21996499598026276,0.7722151875495911,-0.011130615137517452
264,2.6693443942349404e-05,6,0.12305759638547897,-0.22198303043842316,0.7725752592086792,-0.00696093775331974
264,3.162152279401198e-05,7,0.1225004568696022,-0.22275429964065552,0.7723388075828552,-0.015534106642007828
264,3.708301665028557e-05,8,0.12237541377544403,-0.2234136164188385,0.7720654010772705,-0.0188833549618721
265,2.5889148673741147e-05,1,0.12558729946613312,-0.2155381292104721,0.7724707126617432,-0.03753048554062843
265,2.994444548676256e-05,2,0.12344084680080414,-0.21546731889247894,0.7721365690231323,-0.011449864134192467
265,3.0805167625658214e-05,3,0.12183533608913422,-0.21696829795837402,0.7721415758132935,-0.02294660173356533
265,3.278563963249326e-05,4,0.12089188396930695,-0.218095064163208,0.7721469402313232,-0.010717681609094143
265,2.975622373924125e-05,5,0.12116359174251556,-0.21986304223537445,0.7725542187690735,-0.00024230763665400445
265,3.637699774117209e-05,6,0.12051133066415787,-0.22016213834285736,0.7723522782325745,-0.003503701649606228
265,3.456819467828609e-05,7,0.12108999490737915,-0.22125305235385895,0.7725715041160583,-0.00893377885222435
265,4.095026815775782e-05,8,0.12086029350757599,-0.2222178429365158,0.7724027037620544,-0.015276466496288776
266,2.9785753213218413e-05,1,0.12790244817733765,-0.20869937539100647,0.7721866965293884,-0.00727371871471405
266,3.0600065656472e-05,2,0.12688234448432922,-0.2095671147108078,0.7722058296203613,-0.019479837268590927
266,3.601102434913628e-05,3,0.12478344142436981,-0.21039311587810516,0.7720484137535095,-0.02429419569671154
266,4.5674700231757015e-05,4,0.12274064123630524,-0.21088907122612,0.7715513706207275,-0.022865017876029015
266,5.0204824219690636e-05,5,0.12165993452072144,-0.211648091673851,0.7710720300674438,-0.013344980776309967
266,4.547131175058894e-05,6,0.12031639367341995,-0.21353274583816528,0.7711248993873596,-0.005922860931605101
266,6.066875357646495e-05,7,0.11989155411720276,-0.214114710688591,0.7704843282699585,-0.01341477781534195
266,4.89598314743489e-05,8,0.11991548538208008,-0.21664264798164368,0.7706910967826843,-0.012821081094443798
267,4.529749639914371e-05,1,0.1267438679933548,-0.21679288148880005,0.7723442912101746,-0.02304938994348049
267,4.7392786655109376e-05,2,0.12540306150913239,-0.21753442287445068,0.7721869349479675,-0.021316226571798325
267,4.855443330598064e-05,3,0.12425541877746582,-0.21818597614765167,0.7720819115638733,-0.021586274728178978
267,4.6120883780531585e-05,4,0.12356390804052353,-0.21947593986988068,0.7721494436264038,-0.033310260623693466
267,4.036947211716324e-05,5,0.12366971373558044,-0.2206595540046692,0.7724824547767639,-0.015073949471116066
267,3.95889874198474e-05,6,0.12364920973777771,-0.2209199219942093,0.7726109623908997,0.006222820840775967
267,3.7941354094073176e-05,7,0.12376213818788528,-0.2217874675989151,0.7728366255760193,-0.0062383851036429405
267,4.144725971855223e-05,8,0.12362699210643768,-0.22192585468292236,0.7727930545806885,-0.00625976175069809
268,3.467897113296203e-05,1,0.13231177628040314,-0.21999302506446838,0.7724907398223877,-0.017508329823613167
268,4.165795326116495e-05,2,0.13077709078788757,-0.22043737769126892,0.7722791433334351,-0.027278803288936615
268,5.137377593200654e-05,3,0.12882521748542786,-0.22076113522052765,0.7719615697860718,-0.03187749162316322
268,4.900093699689023e-05,4,0.12782436609268188,-0.22179138660430908,0.7719360589981079,-0.024695055559277534
268,5.256778604234569e-05,5,0.12635643780231476,-0.22261229157447815,0.7715879082679749,-0.012980375438928604
268,5.070009137853049e-05,6,0.12527777254581451,-0.223942369222641,0.7713955640792847,-0.008147341199219227
268,5.6674496590858325e-05,7,0.12501603364944458,-0.22460158169269562,0.7707833051681519,-0.01181663665920496
268,6.419172132154927e-05,8,0.12513446807861328,-0.22512152791023254,0.7702155709266663,-0.012737941928207874
269,4.320933294366114e-05,1,0.12405604124069214,-0.21821385622024536,0.7725211381912231,-0.02184637077152729
269,5.1298138714628294e-05,2,0.12180829793214798,-0.21806512773036957,0.7720112204551697,-0.02036568894982338
269,5.1557624829001725e-05,3,0.1201464980840683,-0.21866564452648163,0.7718414664268494,-0.01930517889559269
269,4.739685755339451e-05,4,0.11923656612634659,-0.21997223794460297,0.7717611193656921,-0.00892507191747427
269,4.368822555989027e-05,5,0.11841875314712524,-0.2218100130558014,0.7719585299491882,-0.01196702104061842
269,4.557697684504092e-05,6,0.11830452084541321,-0.22293703258037567,0.7718997597694397,-0.016362467780709267
269,4.7859586629783735e-05,7,0.11814439296722412,-0.22398768365383148,0.7717220187187195,-0.015202047303318977
269,4.7671826905570924e-05,8,0.11830277740955353,-0.22543711960315704,0.7715888023376465,-0.014189519919455051
270,4.27633713115938e-05,1,0.12298236042261124,-0.2146090716123581,0.7722820043563843,-0.017612257972359657
270,4.029427873319946e-05,2,0.12180566787719727,-0.21531200408935547,0.772210419178009,-0.017565570771694183
270,3.461312371655367e-05,3,0.12159056961536407,-0.21670964360237122,0.7725704908370972,-0.007392136380076408
270,3.757304511964321e-05,4,0.12032704055309296,-0.2175476998090744,0.7724250555038452,-0.015548265539109707
270,3.350157930981368e-05,5,0.12036585807800293,-0.2190801501274109,0.7727294564247131,-0.011752093210816383
270,3.3271066058659926e-05,6,0.12027903646230698,-0.2200523018836975,0.7728602290153503,-0.0161854550242424
270,4.139788507018238e-05,7,0.11915554106235504,-0.2202943116426468,0.7724208831787109,-0.020503314211964607
270,3.781730629270896e-05,8,0.11952122300863266,-0.22196082770824432,0.7727134227752686,-0.011126251891255379
271,9.599818440619856e-05,1,0.12114198505878448,-0.21066813170909882,0.7713181376457214,-0.019617408514022827
271,7.441062189172953e-05,2,0.12013325095176697,-0.21179337799549103,0.7715568542480469,-0.015140611678361893
271,6.79583172313869e-05,3,0.11902784556150436,-0.21296080946922302,0.771517276763916,-0.019576314836740494
271,5.779780258308165e-05,4,0.1186763197183609,-0.2144627571105957,0.771761417388916,-0.015289027243852615
271,5.301103738020174e-05,5,0.11856977641582489,-0.21579840779304504,0.7719225883483887,-0.016982920467853546
271,5.952563515165821e-05,6,0.11807454377412796,-0.21652598679065704,0.7716358304023743,-0.021464288234710693
271,5.296627205098048e-05,7,0.11826440691947937,-0.2182008922100067,0.7719284892082214,-0.015213090926408768
271,4.980987068847753e-05,8,0.11871875822544098,-0.21967151761054993,0.7721549868583679,-0.015038009732961655
272,5.7257115258835256e-05,1,0.1258382797241211,-0.2165229767560959,0.7719303369522095,-0.013460206799209118
272,5.295132359606214e-05,2,0.12434680759906769,-0.21650247275829315,0.771902859210968,-0.015078001655638218
272,5.717619933420792e-05,3,0.12202747911214828,-0.21656033396720886,0.7716295719146729,-0.018076861277222633
272,5.848921136930585e-05,4,0.12002937495708466,-0.21738925576210022,0.7715482711791992,-0.020012125372886658
272,6.882079469505697e-05,5,0.11844424158334732,-0.21793696284294128,0.7711079120635986,-0.024675752967596054
272,5.641453753923997e-05,6,0.1179111897945404,-0.21966245770454407,0.7714596390724182,-0.010106852278113365
272,7.603661651955917e-05,7,0.11720264703035355,-0.2201313078403473,0.7709289193153381,-0.017484210431575775
272,8.297606837004423e-05,8,0.1170087605714798,-0.2215893417596817,0.7706892490386963,-0.01687019132077694
273,8.669006638228893e-05,1,0.12449777126312256,-0.21268664300441742,0.7722895741462708,-0.016499163582921028
273,7.949436258058995e-05,2,0.12301173806190491,-0.21349503099918365,0.7721633911132812,-0.018231699243187904
273,7.70985207054764e-05,3,0.12156201153993607,-0.21441814303398132,0.7720531225204468,-0.01675449125468731
273,7.117669883882627e-05,4,0.12048837542533875,-0.21572674810886383,0.7721574902534485,-0.015454805456101894
273,6.725142156938091e-05,5,0.11989304423332214,-0.21712785959243774,0.7722656726837158,-0.016870873048901558
273,7.320330769289285e-05,6,0.11971107870340347,-0.21807952225208282,0.7721505165100098,-0.014905351214110851
273,7.221094710985199e-05,7,0.11977718770503998,-0.2193211019039154,0.7722598910331726,-0.013090049847960472
273,8.17315885797143e-05,8,0.120125412940979,-0.2198382318019867,0.7720303535461426,-0.017577558755874634
274,6.42971572233364e-05,1,0.12306122481822968,-0.21390900015830994,0.7717060446739197,-0.017899328842759132
274,6.327684968709946e-05,2,0.12116768956184387,-0.21439850330352783,0.7713831663131714,-0.02042924053966999
274,6.0358637711033225e-05,3,0.11955565214157104,-0.21553188562393188,0.771308958530426,-0.01774902082979679
274,5.940428309259005e-05,4,0.1184505820274353,-0.2169429212808609,0.7712727189064026,-0.01839495450258255
274,6.410510104615241e-05,5,0.11802040785551071,-0.2179597169160843,0.7711641192436218,-0.012831626459956169
274,6.507258513011038e-05,6,0.11796913295984268,-0.219380721449852,0.771252453327179,-0.012982891872525215
274,7.520581129938364e-05,7,0.11814773082733154,-0.22007520496845245,0.7709877490997314,-0.011013724841177464
274,8.177462586900219e-05,8,0.11829231679439545,-0.2208145409822464,0.7707449793815613,-0.013788651674985886
275,4.244476440362632e-05,1,0.12092289328575134,-0.22206634283065796,0.7724900841712952,-0.013804768212139606
275,4.244152660248801e-05,2,0.12016218900680542,-0.2222709059715271,0.7723575234413147,-0.014620065689086914
275,4.290908691473305e-05,3,0.11964365839958191,-0.2226053774356842,0.7722146511077881,-0.013808883726596832
275,4.319923755247146e-05,4,0.11930742114782333,-0.22270168364048004,0.7718506455421448,-0.020279411226511
275,4.27147897426039e-05,5,0.1185804158449173,-0.22302570939064026,0.7717130780220032,-0.016641447320580482
275,4.2368817958049476e-05,6,0.11838516592979431,-0.22424331307411194,0.7717851400375366,-0.01483215019106865
275,3.75107119907625e-05,7,0.11915722489356995,-0.22566606104373932,0.77219557762146,-0.009424826130270958
275,3.582957651815377e-05,8,0.12011083215475082,-0.22703005373477936,0.7725049257278442,-0.010128878988325596
276,5.579195203608833e-05,1,0.12403905391693115,-0.21440403163433075,0.7722877860069275,-0.01670302264392376
276,5.7491011830279604e-05,2,0.12267082929611206,-0.21402600407600403,0.7720634341239929,-0.019805340096354485
276,4.874553269473836e-05,3,0.12148257344961166,-0.2146793156862259,0.7722466588020325,-0.01591436006128788
276,5.520286504179239e-05,4,0.11964594572782516,-0.21499158442020416,0.7719045281410217,-0.0169932022690773
276,6.259936344577e-05,5,0.11783929169178009,-0.21569553017616272,0.7714574933052063,-0.01475383061915636
276,6.961484905332327e-05,6,0.11708708107471466,-0.21636033058166504,0.7712415456771851,-0.01976596750319004
276,6.718475924571976e-05,7,0.11670130491256714,-0.2178526222705841,0.7711612582206726,-0.013507162220776081
276,6.724302511429414e-05,8,0.11660751700401306,-0.2190309464931488,0.7712380290031433,-0.013762380927801132
277,3.940510214306414e-05,1,0.12383507937192917,-0.21341663599014282,0.7726640701293945,-0.0160286296159029
277,4.3763448047684506e-05,2,0.12218952178955078,-0.21255041658878326,0.7720551490783691,-0.014604821801185608
277,4.3805117456940934e-05,3,0.12126737833023071,-0.2125040590763092,0.7714932560920715,-0.01242714561522007
277,4.018388062831946e-05,4,0.1198030561208725,-0.21368682384490967,0.7714289426803589,-0.017198022454977036
277,3.924807606381364e-05,5,0.11885810643434525,-0.21552197635173798,0.7714669704437256,-0.015371882356703281
277,3.50237860402558e-05,6,0.11943820863962173,-0.21733614802360535,0.7717317342758179,-0.01484688837081194
277,3.918360380339436e-05,7,0.1190372034907341,-0.21865391731262207,0.77161705493927,-0.012745033949613571
277,4.4684526073979214e-05,8,0.11933159828186035,-0.21947813034057617,0.7715521454811096,-0.015042333863675594
278,6.238721107365564e-05,1,0.12302973866462708,-0.2096744030714035,0.7718955278396606,-0.014445377513766289
278,5.0565235142130405e-05,2,0.12179795652627945,-0.2099331170320511,0.7719414830207825,-0.018177134916186333
278,4.104378604097292e-05,3,0.12108417600393295,-0.21112774312496185,0.7722507119178772,-0.01685311086475849
278,4.419736796990037e-05,4,0.11953309178352356,-0.21217378973960876,0.7721719145774841,-0.010972185991704464
278,4.2428411688888445e-05,5,0.11930221319198608,-0.21354608237743378,0.7723562121391296,-0.009690447710454464
278,5.185040572541766e-05,6,0.11849242448806763,-0.2143782377243042,0.7719800472259521,-0.015504736453294754
278,5.42567104275804e-05,7,0.11822827905416489,-0.21551083028316498,0.7718760371208191,-0.01545739360153675
278,4.944810279994272e-05,8,0.11878691613674164,-0.21654245257377625,0.772142767906189,-0.010010822676122189
279,3.6689329135697335e-05,1,0.12892551720142365,-0.20943966507911682,0.7734566330909729,-0.018241822719573975
279,3.126440060441382e-05,2,0.12823259830474854,-0.21035747230052948,0.7735434174537659,-0.014989029616117477
279,3.4960383345605806e-05,3,0.12619554996490479,-0.21070696413516998,0.7730830311775208,-0.012258052825927734
279,3.364934673300013e-05,4,0.12530937790870667,-0.21174992620944977,0.7729926109313965,-0.02082102745771408
279,3.450966323725879e-05,5,0.12389011681079865,-0.21279461681842804,0.7728816270828247,-0.016534537076950073
279,3.7544643419096246e-05,6,0.12306252121925354,-0.21360993385314941,0.7727169990539551,-0.01589876413345337
279,3.456325066508725e-05,7,0.1233166977763176,-0.21490174531936646,0.7730159163475037,-0.008987807668745518
279,3.579904296202585e-05,8,0.12363222241401672,-0.21566274762153625,0.7730174660682678,-0.009828385896980762
280,4.079568316228688e-05,1,0.12588554620742798,-0.20978979766368866,0.7737909555435181,-0.015390529297292233
280,4.113418253837153e-05,2,0.12483459711074829,-0.20996259152889252,0.7735623717308044,-0.014914955012500286
280,4.630395051208325e-05,3,0.12260881066322327,-0.2102893590927124,0.7731561660766602,-0.01739845983684063
280,5.2411414799280465e-05,4,0.12060417979955673,-0.21096102893352509,0.7726777195930481,-0.021921560168266296
280,5.988421617075801e-05,5,0.11863389611244202,-0.21197737753391266,0.7721020579338074,-0.014453811571002007
280,6.017886698828079e-05,6,0.11729322373867035,-0.21357347071170807,0.7718843221664429,-0.015799567103385925
280,7.438792090397328e-05,7,0.1170731633901596,-0.21449512243270874,0.7712770700454712,-0.018284177407622337
280,7.713882223470137e-05,8,0.1164901852607727,-0.21592460572719574,0.7711327075958252,-0.013208775781095028
281,3.805357846431434e-05,1,0.1290048360824585,-0.2148638367652893,0.7738027572631836,-0.007731699850410223
281,3.39088546752464e-05,2,0.1282545030117035,-0.21594272553920746,0.7735089063644409,-0.017758809030056
281,3.1997613405110314e-05,3,0.12652024626731873,-0.21719039976596832,0.7731971144676208,-0.028083760291337967
281,3.324398130644113e-05,4,0.12460984289646149,-0.2184710055589676,0.7730400562286377,-0.014949308708310127
281,3.834017479675822e-05,5,0.123675137758255,-0.21935304999351501,0.7727811932563782,-0.009614595212042332
281,3.875785841955803e-05,6,0.12306085228919983,-0.2205704152584076,0.7727702856063843,-0.011977218091487885
281,3.482276224531233e-05,7,0.12318996340036392,-0.22182127833366394,0.7730808258056641,-0.009714060463011265
281,4.445971717359498e-05,8,0.1228475496172905,-0.22208906710147858,0.772853434085846,-0.01870490238070488
282,4.725009421235882e-05,1,0.1273089200258255,-0.21009141206741333,0.7732590436935425,-0.018352467566728592
282,4.237241228111088e-05,2,0.12657825648784637,-0.2102697193622589,0.7731430530548096,-0.019261915236711502
282,4.058486229041591e-05,3,0.12538287043571472,-0.21109695732593536,0.7730838656425476,-0.01940712332725525
282,4.073515083291568e-05,4,0.12456417083740234,-0.2120506763458252,0.7729658484458923,-0.027725055813789368
282,3.958653542213142e-05,5,0.12386228144168854,-0.2132752686738968,0.7730036377906799,-0.01982317492365837
282,3.6632587580243126e-05,6,0.12381815910339355,-0.21471190452575684,0.7732985019683838,-0.011473257094621658
282,4.308761708671227e-05,7,0.12337172776460648,-0.21512897312641144,0.773120105266571,-0.01477078814059496
282,4.889497722615488e-05,8,0.12311999499797821,-0.21578508615493774,0.7729828357696533,-0.02157691679894924
283,2.438425326545257e-05,1,0.12964004278182983,-0.21824516355991364,0.7737934589385986,-0.016079101711511612
283,2.356499680900015e-05,2,0.12877170741558075,-0.2183564156293869,0.7735733389854431,-0.03266807273030281
283,2.3125865482143126e-05,3,0.1276351809501648,-0.21900540590286255,0.7733728885650635,-0.036134421825408936
283,2.5434925191802904e-05,4,0.12622585892677307,-0.21934470534324646,0.7731463313102722,-0.012250431813299656
283,2.365384170843754e-05,5,0.12611043453216553,-0.2208186388015747,0.7733822464942932,-0.009543506428599358
283,2.3056873033056036e-05,6,0.12629926204681396,-0.2218094766139984,0.7735346555709839,-0.0003649088612291962
283,2.3177020921139047e-05,7,0.1265011429786682,-0.22265030443668365,0.773655354976654,-0.0021172913257032633
283,2.4466640752507374e-05,8,0.1263207495212555,-0.22309574484825134,0.773639976978302,-0.0055332607589662075
284,2.4599623429821804e-05,1,0.12702473998069763,-0.21765367686748505,0.7731757760047913,-0.013487754389643669
284,2.9079254090902396e-05,2,0.12480922043323517,-0.21628613770008087,0.7726284861564636,-0.010099412873387337
284,2.8586420739884488e-05,3,0.12290874123573303,-0.21688240766525269,0.7723920345306396,-0.027308929711580276
284,3.356560046086088e-05,4,0.12105290591716766,-0.21693941950798035,0.7719653248786926,-0.008830290287733078
284,3.349959661136381e-05,5,0.11956008523702621,-0.21826428174972534,0.7718953490257263,-0.019723083823919296
284,2.8887901862617582e-05,6,0.11980914324522018,-0.21969111263751984,0.772240161895752,-0.005960050970315933
284,3.0568884540116414e-05,7,0.11989117413759232,-0.22040534019470215,0.772215723991394,-0.013030820526182652
284,3.21864390571136e-05,8,0.12008599936962128,-0.2211707979440689,0.7721087336540222,-0.01637604832649231
285,1.870798587333411e-05,1,0.12814126908779144,-0.21934211254119873,0.7734525203704834,-0.023741358891129494
285,2.0662675524363294e-05,2,0.12679868936538696,-0.21931791305541992,0.773052990436554,-0.015131883323192596
285,2.1632667994708754e-05,3,0.12539935111999512,-0.22000283002853394,0.7728414535522461,-0.028088679537177086
285,1.9851684555760585e-05,4,0.12517911195755005,-0.22121064364910126,0.7730399966239929,-0.012191598303616047
285,2.267256786581129e-05,5,0.123885877430439,-0.2212575376033783,0.7728505730628967,0.002645169384777546
285,2.4351949832635e-05,6,0.12287645041942596,-0.2221696525812149,0.7727903127670288,-0.016980869695544243
285,2.3323693312704563e-05,7,0.12307927012443542,-0.22285284101963043,0.7729624509811401,-0.006772633176296949
285,2.313259210495744e-05,8,0.12328463792800903,-0.22346988320350647,0.7730042338371277,-0.012934115715324879
286,1.7509002645965666e-05,1,0.13263964653015137,-0.22326302528381348,0.7736021876335144,-0.014613962732255459
286,1.7503209164715372e-05,2,0.13154985010623932,-0.22317872941493988,0.7736198306083679,-0.009681290946900845
286,2.061349368887022e-05,3,0.12926839292049408,-0.22280028462409973,0.7733443975448608,-0.010706149972975254
286,2.3470040105166845e-05,4,0.12731502950191498,-0.22295038402080536,0.7731161713600159,-0.015189994126558304
286,2.3499915187130682e-05,5,0.12641827762126923,-0.22331944108009338,0.7730955481529236,-0.015355952084064484
286,2.6583546059555374e-05,6,0.12466737627983093,-0.2236800491809845,0.7728848457336426,-0.014049177058041096
286,3.092466795351356e-05,7,0.12357676029205322,-0.22403717041015625,0.7725032567977905,-0.01794356293976307
286,3.205221946700476e-05,8,0.12279443442821503,-0.22518464922904968,0.7723530530929565,-0.013245057314634323
287,1.7653210306889378e-05,1,0.12600895762443542,-0.22213780879974365,0.7738837003707886,-0.015825578942894936
287,2.0028723156428896e-05,2,0.12420590221881866,-0.222098246216774,0.7735206484794617,-0.01533183641731739
287,2.1372939954744652e-05,3,0.1232009157538414,-0.22264638543128967,0.7732639908790588,-0.03584705665707588
287,2.0151512217125855e-05,4,0.12319053709506989,-0.22324948012828827,0.7733941078186035,-0.010214450769126415
287,2.257857886434067e-05,5,0.12202717363834381,-0.22362391650676727,0.7732048034667969,-0.016758743673563004
287,2.604364271974191e-05,6,0.12121143937110901,-0.22363969683647156,0.7728997468948364,-0.0022257352247834206
287,2.6974495995091274e-05,7,0.12051794677972794,-0.22464868426322937,0.7728179097175598,-0.027133893221616745
287,2.5480858312221244e-05,8,0.12124757468700409,-0.22589115798473358,0.7729772925376892,-0.015908272936940193
288,1.760022496455349e-05,1,0.12919360399246216,-0.22490166127681732,0.77337646484375,-0.022761821746826172
288,2.0965113435522653e-05,2,0.12770520150661469,-0.22449105978012085,0.7731395959854126,-0.021912727504968643
288,2.249757199024316e-05,3,0.1269044131040573,-0.22486348450183868,0.7731736302375793,-0.03096933290362358
288,2.3831560611142777e-05,4,0.12599943578243256,-0.22495277225971222,0.7732298970222473,-0.01265716552734375
288,2.5026445655385032e-05,5,0.1252044439315796,-0.22518756985664368,0.7732895016670227,-0.00889439508318901
288,2.6586285457597114e-05,6,0.12466740608215332,-0.22536194324493408,0.7733380198478699,-0.00015023261948954314
288,2.823719842126593e-05,7,0.12417714297771454,-0.22557957470417023,0.7732612490653992,-0.00838443636894226
288,3.0093451641732827e-05,8,0.12359556555747986,-0.2257080376148224,0.7731033563613892,-0.012827289290726185
289,1.9523873561411165e-05,1,0.12869781255722046,-0.2200019806623459,0.7739178538322449,-0.015379087068140507
289,2.127169500454329e-05,2,0.12792664766311646,-0.2208726406097412,0.7737937569618225,-0.018695540726184845
289,2.2623820768785663e-05,3,0.1270517110824585,-0.22148704528808594,0.7736808061599731,-0.017635617405176163
289,2.6587626052787527e-05,4,0.12557294964790344,-0.22180885076522827,0.7733107805252075,-0.013211185112595558
289,3.050513805646915e-05,5,0.12450176477432251,-0.22240029275417328,0.772944986820221,-0.01679316721856594
289,3.176817699568346e-05,6,0.12387189269065857,-0.22332625091075897,0.7727729678153992,-0.015239731408655643
289,3.2755982829257846e-05,7,0.12372927367687225,-0.22409065067768097,0.7725716829299927,-0.017143666744232178
289,3.440336149651557e-05,8,0.12350748479366302,-0.2244931161403656,0.7724804878234863,-0.00926133431494236
290,1.7864736946648918e-05,1,0.1264040470123291,-0.23021243512630463,0.773796558380127,-0.008663197979331017
290,1.9224820789531805e-05,2,0.1259530633687973,-0.22946815192699432,0.7736754417419434,-0.009315733797848225
290,2.1840392946614884e-05,3,0.12439504265785217,-0.22889822721481323,0.7733985185623169,-0.012200959958136082
290,2.4532269890187308e-05,4,0.12274006009101868,-0.22882896661758423,0.7730512619018555,-0.01732843741774559
290,2.755565583356656e-05,5,0.12124237418174744,-0.22893700003623962,0.7726793885231018,-0.02290128543972969
290,2.7062566005042754e-05,6,0.12040375173091888,-0.23012439906597137,0.7726721167564392,-0.0063089244067668915
290,2.77129583992064e-05,7,0.12015821784734726,-0.23133397102355957,0.7726392149925232,-0.008399168960750103
290,3.065324926865287e-05,8,0.11993886530399323,-0.2315804809331894,0.7723684310913086,-0.019497504457831383
291,1.586832877364941e-05,1,0.12914839386940002,-0.22679951786994934,0.7738744020462036,-0.021329274401068687
291,1.6916541426326148e-05,2,0.12821945548057556,-0.2270316481590271,0.773465096950531,-0.04203261807560921
291,1.8836379240383394e-05,3,0.12680955231189728,-0.22683250904083252,0.7731140851974487,0.004857137333601713
291,2.079557816614397e-05,4,0.1255844235420227,-0.2269941121339798,0.7729204297065735,0.00431265402585268
291,2.075563679682091e-05,5,0.12545114755630493,-0.2272465080022812,0.7728795409202576,-0.009562397375702858
291,2.361021142860409e-05,6,0.12424395978450775,-0.22751234471797943,0.7726122736930847,-0.01821393519639969
291,2.811973899952136e-05,7,0.12328485399484634,-0.22727356851100922,0.772264301776886,-0.013934880495071411
291,2.4851286070770584e-05,8,0.1232180967926979,-0.22858142852783203,0.7724493145942688,-0.009124412201344967
292,1.4961664419388399e-05,1,0.13176511228084564,-0.22773072123527527,0.77391117811203,-0.027365604415535927
292,1.666740354266949e-05,2,0.13013410568237305,-0.2270069420337677,0.773563802242279,-0.0037527785170823336
292,1.8514630937715992e-05,3,0.128433495759964,-0.22681862115859985,0.7734148502349854,-0.003954560030251741
292,1.898011214507278e-05,4,0.12769129872322083,-0.22674529254436493,0.7734125256538391,-0.005278128664940596
292,2.104666782543063e-05,5,0.1259940266609192,-0.22681108117103577,0.7732374668121338,-0.01791405864059925
292,2.4374256099690683e-05,6,0.12447184324264526,-0.22650744020938873,0.7729374170303345,-0.015514684841036797
292,2.270446202601306e-05,7,0.12427717447280884,-0.22751863300800323,0.7731121182441711,-0.010384147986769676
292,2.1653429939760827e-05,8,0.12459689378738403,-0.22859132289886475,0.7732678651809692,-0.00695754261687398
293,1.6287474863929674e-05,1,0.12998723983764648,-0.23093673586845398,0.7735064029693604,0.0006995033472776413
293,1.8601049305289052e-05,2,0.1290491819381714,-0.23073484003543854,0.7730762958526611,-0.009523360058665276
293,2.150716863980051e-05,3,0.12765422463417053,-0.23077431321144104,0.7727628350257874,-0.012833991087973118
293,2.5147046471829526e-05,4,0.1264013946056366,-0.23103393614292145,0.7724118232727051,-0.020285144448280334
293,2.6084382625413127e-05,5,0.1257113814353943,-0.23120197653770447,0.7723373770713806,-0.02226744405925274
293,3.1927047530189157e-05,6,0.12472222745418549,-0.23140501976013184,0.7719869613647461,-0.01614072546362877
293,3.504513733787462e-05,7,0.12389665842056274,-0.23201973736286163,0.7718545198440552,-0.011981641873717308
293,3.0898932891432196e-05,8,0.12426680326461792,-0.23292435705661774,0.771984875202179,-10.383252143859863
294,1.924929347296711e-05,1,0.13006556034088135,-0.23464366793632507,0.7732298374176025,-0.03819233179092407
294,2.210487400589045e-05,2,0.1280234456062317,-0.23384401202201843,0.7728005647659302,-0.025645336136221886
294,2.374820724071469e-05,3,0.12650151550769806,-0.23331080377101898,0.7723301649093628,-0.03206433728337288
294,2.103976294165477e-05,4,0.1258312612771988,-0.23286332190036774,0.7724573016166687,-0.022958282381296158
294,2.3618227714905515e-05,5,0.1243928000330925,-0.23298786580562592,0.7721169590950012,-0.03512046858668327
294,2.4991742975544184e-05,6,0.12326118350028992,-0.2336444854736328,0.7720613479614258,-0.016320405527949333
294,2.2096148313721642e-05,7,0.12400607764720917,-0.23455841839313507,0.7723360061645508,-10.297163009643555
295,3.035174813703634e-05,1,0.1230570375919342,-0.2302975356578827,0.7730774879455566,-0.016279954463243484
295,3.550386827555485e-05,2,0.1223130002617836,-0.23018009960651398,0.7725635170936584,-0.016346579417586327
295,3.50963746313937e-05,3,0.1224040538072586,-0.23017653822898865,0.7723352313041687,-0.017992353066802025
295,3.888309947797097e-05,4,0.12161843478679657,-0.23038652539253235,0.7720061540603638,-0.029857106506824493
295,3.178190308972262e-05,5,0.1214117631316185,-0.2312191277742386,0.7723183035850525,-0.025259608402848244
295,4.6790803025942296e-05,6,0.12103474140167236,-0.2314586490392685,0.7717536091804504,-10.344805717468262
296,2.2864513084641658e-05,1,0.12831354141235352,-0.23251543939113617,0.7739953994750977,-0.023445455357432365
296,2.4808732632664032e-05,2,0.12738510966300964,-0.2319207489490509,0.7734629511833191,-0.014082805253565311
296,2.5861978429020382e-05,3,0.12607301771640778,-0.23171234130859375,0.773076057434082,-0.025391263887286186
296,2.6356434318586253e-05,4,0.12477229535579681,-0.23193734884262085,0.772854745388031,-0.026001494377851486
296,2.7751040761359036e-05,5,0.12373506277799606,-0.2321295589208603,0.7726836204528809,-10.358682632446289
297,2.039820719801355e-05,1,0.1289512813091278,-0.23468700051307678,0.7728438377380371,-0.007213172037154436
297,2.5236633518943563e-05,2,0.1284579187631607,-0.23412255942821503,0.7723556756973267,-0.012121833860874176
297,3.0170174795784988e-05,3,0.12812300026416779,-0.23321236670017242,0.7718659043312073,-0.020219219848513603
297,2.9014461688348092e-05,4,0.12718325853347778,-0.23316431045532227,0.7718474268913269,-10.398811340332031
298,1.5250293472490739e-05,1,0.12817074358463287,-0.2347748577594757,0.7736034393310547,-0.026932086795568466
298,1.728809547785204e-05,2,0.12729424238204956,-0.2334914207458496,0.7730231881141663,-0.036825332790613174
298,1.8843586076400243e-05,3,0.12597569823265076,-0.23270483314990997,0.7726779580116272,-10.364446640014648
299,2.2549273126060143e-05,1,0.12783953547477722,-0.23572327196598053,0.7726582884788513,-0.030823467299342155
299,2.5664299755590037e-05,2,0.12718908488750458,-0.2347753643989563,0.7722600102424622,-10.394877433776855
300,2.1101170204929076e-05,1,0.1299116313457489,-0.23688027262687683,0.7729688882827759,-10.41923999786377
